1/001 1 30 115 63
1/002 1 110 200 168
1/003 1 40 120 72
1/004 1 290 420 360
1/005 1 180 310 260
1/006 1 245 320 280
1/007 1 170 240 196
1/008 1 75 130 90
1/009 1 40 150 93
1/010 1 390 530 472
1/011 0 290 380 -1
1/012 1 320 400 350
1/013 1 240 320 269
1/014 1 140 220 190
1/015 1 165 210 182
1/016 0 80 170 -1
1/017 1 570 620 597
1/018 1 80 200 165
1/019 1 40 160 96
1/020 1 360 420 384
1/021 0 70 150 -1
1/022 1 140 220 177
1/023 1 230 310 260
1/024 1 215 240 234
1/025 1 1 110 55
1/026 1 85 175 105
1/027 1 140 200 159
1/028 1 105 180 145
1/029 1 115 190 142
1/030 1 44 90 58
1/031 1 161 191 171
1/032 1 175 220 194
1/033 1 220 270 244
1/034 1 85 190 110
1/035 1 40 200 138
1/036 1 277 350 320
1/037 1 140 180 158
1/038 1 110 165 133
1/039 1 60 140 108
1/040 1 1 60 15
1/041 1 70 115 85
1/042 1 115 210 155
1/043 0 185 280 -1
1/044 1 73 160 105
1/045 0 55 170 -1
1/046 1 50 170 117
1/047 1 450 530 465
1/048 1 1 110 58
1/049 1 60 120 98
1/050 1 195 360 324
1/051 1 90 150 114
1/052 1 56 110 82
1/053 1 110 180 140
2/001 1 1 290 240
2/002 1 1 140 90
2/003 1 50 170 140
2/004 1 50 180 150
2/005 1 160 250 218
2/006 1 200 300 270
3/001 1 300 430 404
3/002 1 120 200 184
3/003 1 35 100 80
3/004 1 310 390 355
3/005 1 180 280 240
3/006 1 125 170 155
3/007 1 70 130 100
3/008 1 325 400 360
3/009 1 210 260 230
3/010 1 270 380 345
3/011 1 145 200 170
3/012 1 145 200 170
3/013 1 1 110 44
3/014 1 52 150 118
3/015 1 170 250 215
3/016 1 165 240 204
3/017 1 135 240 200
4/001 1 1 70 38
4/002 1 127 180 150
4/003 1 50 160 115
4/004 1 150 280 224
4/005 1 400 490 450
4/006 1 100 216 180
4/007 1 150 210 170
4/008 1 75 190 140
4/009 1 70 120 94
4/010 1 90 190 145
4/011 1 125 200 153
4/012 1 190 290 253
4/013 1 260 370 330
5/001 1 135 200 165
5/002 1 90 220 175
5/003 1 110 230 165
5/004 1 240 330 265
5/005 1 190 240 210
5/006 1 175 310 216
5/007 1 140 270 235
5/008 1 250 340 282
5/009 1 365 440 410
5/010 1 40 130 95
5/011 1 50 150 100
5/012 1 390 455 430
5/013 1 150 250 215
5/014 1 380 450 424
5/015 1 50 150 75
5/016 1 130 250 190
5/017 1 1 130 70
5/018 1 80 190 133
5/019 1 160 280 240
5/020 1 290 390 350
5/021 1 80 153 133
5/022 1 330 460 370
5/023 1 230 335 280
5/024 1 260 330 290
5/025 1 190 277 224
5/026 1 25 130 80
5/027 1 105 180 145
5/028 1 210 300 252
5/029 1 237 350 317
5/030 1 260 377 328
5/031 1 30 130 80
5/032 1 210 280 222
5/033 1 135 200 171
5/034 1 260 330 302
5/035 1 352 420 396
5/036 1 196 270 228
5/037 1 147 234 194
5/038 1 320 500 423
5/039 1 218 300 256
5/040 1 285 382 346
5/041 1 143 205 163
5/042 1 107 210 177
5/043 1 416 484 465
5/044 1 97 179 144
5/045 1 168 254 210
5/046 1 28 106 61
5/047 1 49 130 73
5/048 1 218 275 246
5/049 1 102 165 129
5/050 1 23 115 62
5/051 1 15 140 87
5/052 1 63 170 121
5/053 1 221 272 242
5/054 1 337 411 374
5/055 1 253 320 282
5/056 1 342 440 396
5/057 1 193 330 282
5/058 1 15 115 75
5/059 1 100 180 118
5/060 1 98 170 135
5/061 1 437 500 463
5/062 1 86 180 142
5/063 1 376 460 420
5/064 1 53 120 87
5/065 1 130 240 178
5/066 1 240 320 277
5/067 1 34 123 94
5/068 1 247 310 277
5/069 1 107 155 134
5/070 1 8 80 55
5/071 1 216 295 250
5/072 1 155 290 238
5/073 1 63 170 113
5/074 1 66 150 103
5/075 1 43 84 79
5/076 1 30 150 90
5/077 1 127 210 164
5/078 1 88 210 145
5/079 1 78 150 114
5/080 1 206 270 238
5/081 1 20 103 67
5/082 1 105 170 130
5/083 1 125 200 160
5/084 1 10 110 42
5/085 1 400 520 455
5/086 1 12 80 48
5/087 1 53 150 113
5/088 1 30 100 71
5/089 1 37 98 54
5/090 1 37 110 82
5/091 1 140 200 162
5/092 1 86 180 146
5/093 1 80 150 116
5/094 1 310 350 326
5/095 1 394 430 409
5/096 1 98 160 120
5/097 1 119 192 146
5/098 1 242 330 296
5/099 1 5 110 34
5/100 1 256 308 274
5/101 1 115 200 150
5/102 1 70 130 93
5/103 1 110 220 184
5/104 1 144 250 215
5/105 1 87 150 134
5/106 1 127 214 163
5/107 1 22 65 44
5/108 1 120 190 166
5/109 1 70 180 127
5/110 1 100 173 127
5/111 1 142 233 210
5/112 1 158 210 195
5/113 1 1 88 44
5/114 1 240 320 253
5/115 1 135 250 187
5/116 1 140 190 158
5/117 1 78 180 157
5/118 1 99 170 130
5/119 1 25 77 58
5/120 1 146 260 208
5/121 1 145 208 168
5/122 1 230 330 285
5/123 1 64 170 123
5/124 1 247 300 264
5/125 1 290 350 309
5/126 1 110 190 150
5/127 1 95 210 168
5/128 1 144 210 177
5/129 1 184 250 212
5/130 1 1 60 32
5/131 1 267 350 310
5/132 1 162 250 220
5/133 1 80 170 135
5/134 1 193 260 217
5/135 1 90 170 135
5/136 1 170 300 242
5/137 1 107 187 147
5/138 1 65 170 130
5/139 1 114 180 148
5/140 1 86 190 150
5/141 1 133 200 164
5/142 1 235 315 265
5/143 1 353 540 416
5/144 1 168 380 296
5/145 1 287 370 323
5/146 1 290 375 316
5/147 1 284 350 304
5/148 1 322 394 346
5/149 1 1 96 55
5/150 1 122 185 152
5/151 1 90 130 113
5/152 1 183 250 208
5/153 1 175 233 200
5/154 1 47 125 92
5/155 1 1 90 55
5/156 1 50 150 113
5/157 1 35 100 67
6/001 1 164 226 202
6/002 1 102 260 160
6/003 1 164 280 230
6/004 1 74 138 108
6/005 1 225 280 243
6/006 1 339 457 441
6/007 1 73 145 124
6/008 1 73 170 130
6/009 1 160 210 180
6/010 1 310 437 421
6/011 1 40 105 80
6/012 1 198 290 246
6/013 1 200 302 272
6/014 1 137 207 179
6/015 1 230 290 257
6/016 1 280 370 335
6/017 1 87 150 123
6/018 1 133 200 180
6/019 1 160 270 214
6/020 1 256 330 290
6/021 1 280 370 318
6/022 1 130 240 172
6/023 1 1 120 72
6/024 1 43 120 73
6/025 1 130 220 180
6/026 1 150 230 203
6/027 1 210 300 242
6/028 1 397 490 446
6/029 1 178 240 195
6/030 1 30 110 67
6/031 1 223 350 290
6/032 1 15 140 90
6/033 1 1 101 57
6/034 1 360 430 398
6/035 1 200 248 227
6/036 1 275 380 310
6/037 1 138 220 182
6/038 1 240 320 275
6/039 1 160 270 222
6/040 1 1 80 41
6/041 1 180 260 215
6/042 1 64 100 72
6/043 1 200 260 236
6/044 1 75 160 118
6/045 1 40 136 94
6/046 1 148 220 178
6/047 1 200 350 284
6/048 1 118 210 180
6/049 1 120 210 170
6/050 1 300 400 353
6/051 1 50 184 142
6/052 1 153 246 188
6/053 1 70 180 132
6/054 1 104 180 128
6/055 1 30 100 61
6/056 1 60 170 127
6/057 1 140 246 194
6/058 1 1 112 54
6/059 1 30 100 56
6/060 1 365 440 410
6/061 1 158 220 182
6/062 1 5 90 37
6/063 1 89 190 139
6/064 1 64 130 94
6/065 1 77 130 95
6/066 1 230 300 260
6/067 1 197 256 233
6/068 1 147 270 212
6/069 1 70 180 142
6/070 1 99 199 137
6/071 1 396 472 430
6/072 1 85 190 150
6/073 1 70 130 102
6/074 1 60 110 84
6/075 1 80 190 148
6/076 1 360 488 460
6/077 1 120 200 165
6/078 1 10 90 46
6/079 1 44 140 78
6/080 1 130 200 154
6/081 1 10 105 61
6/082 1 158 253 193
6/083 1 140 235 198
6/084 1 80 160 123
6/085 1 110 170 133
6/086 1 50 130 97
6/087 1 150 240 210
6/088 1 1 140 74
6/089 1 80 150 118
6/090 1 23 110 73
6/091 1 100 240 193
6/092 1 280 390 338
6/093 1 1 120 64
6/094 1 140 200 173
6/095 1 76 120 100
6/096 1 155 300 204
6/097 1 176 352 298
6/098 1 50 150 105
6/099 1 20 110 66
6/100 1 231 300 272
6/101 1 150 260 224
6/102 1 70 160 114
6/103 1 216 300 248
6/104 1 130 210 180
6/105 1 105 180 142
6/106 1 143 230 206
6/107 1 140 230 170
6/108 1 160 300 236
6/109 1 95 200 159
6/110 1 130 240 200
6/111 1 340 412 375
6/112 1 312 370 345
6/113 1 53 140 95
6/114 1 250 320 285
6/115 1 246 350 303
6/116 1 50 140 92
6/117 1 200 300 255
6/118 1 150 250 205
6/119 1 60 150 118
7/001 1 290 390 340
7/002 1 30 130 69
7/003 1 230 310 264
7/004 1 170 280 230
7/005 1 140 220 185
7/006 1 390 466 430
7/007 1 140 250 226
7/008 1 170 250 198
7/009 1 1 100 50
7/010 1 80 170 132
7/011 1 20 120 68
7/012 1 30 130 99
8/001 1 100 200 162
8/002 1 90 150 106
8/003 1 300 430 394
8/004 1 130 210 186
8/005 1 188 260 228
8/006 1 90 180 156
8/007 1 200 260 220
8/008 1 40 120 87
8/009 1 200 280 258
8/010 1 250 400 315
8/011 1 15 111 110
8/012 1 1 80 30
8/013 1 170 250 214
8/014 1 400 500 440
8/015 1 100 170 118
8/016 1 50 170 96
8/017 1 100 250 153
8/018 1 66 170 120
8/019 1 90 180 148
8/020 1 160 230 207
8/021 1 80 170 110
8/022 1 25 95 61
8/023 1 100 240 179
8/024 1 144 220 182
8/025 1 110 190 158
8/026 1 1 170 83
8/027 1 30 130 85
8/028 0 320 410 -1
8/029 1 100 240 202
8/030 1 580 780 674
8/031 1 100 240 205
8/032 1 200 340 285
8/033 1 15 80 43
8/034 0 204 270 -1
8/035 1 1 110 43
8/036 1 100 170 122
8/037 1 290 380 345
8/038 1 450 630 582
8/039 1 220 270 245
8/040 0 60 130 -1
8/041 1 140 210 163
8/042 1 80 190 148
8/043 1 230 390 360
8/044 1 120 220 166
8/045 1 220 290 262
8/046 1 100 350 176
8/047 0 90 180 -1
8/048 1 90 190 147
8/049 1 1 150 62
8/050 1 30 120 78
8/051 1 200 280 260
8/052 1 100 250 140
8/053 1 150 310 222
8/054 1 120 230 178
8/055 1 300 470 400
8/056 1 150 330 202
8/057 1 430 490 458
9/001 1 85 200 123
9/002 1 75 200 145
9/003 1 175 320 250
9/004 1 120 220 178
9/005 1 320 418 380
9/006 1 150 260 190
9/007 1 250 330 295
9/008 1 400 620 539
9/009 1 150 270 220
9/010 1 120 240 178
9/011 1 160 280 230
9/012 1 230 330 308
9/013 1 200 320 253
9/014 1 70 220 100
9/015 1 200 330 265
9/016 1 100 230 140
9/017 1 250 350 292
9/018 1 180 260 218
9/019 1 75 160 122
9/020 1 130 300 220
10/001 1 260 380 325
10/002 1 130 300 244
10/003 1 80 160 125
10/004 1 130 230 170
10/005 1 300 400 356
10/006 1 200 330 268
10/007 1 220 310 270
10/008 1 140 270 215
10/009 1 80 210 168
10/010 1 340 395 393
10/011 1 180 250 228
10/012 1 130 200 170
10/013 1 280 360 320
10/014 1 345 402 389
10/015 1 60 71 70
10/016 1 320 430 408
10/017 1 210 300 248
10/018 1 260 312 310
10/019 1 465 500 478
10/020 1 170 250 225
10/021 1 98 190 136
10/022 1 160 260 232
10/023 1 240 365 321
10/024 1 150 220 186
10/025 1 360 460 426
10/026 1 200 320 267
10/027 1 255 340 285
10/028 1 200 380 249
10/029 1 270 350 300
10/030 1 388 490 450
10/031 1 200 350 296
10/032 1 153 247 196
10/033 1 220 320 274
10/034 1 350 413 412
10/035 1 120 250 186
10/036 1 274 330 306
10/037 1 220 320 285
10/038 0 180 360 -1
10/039 1 120 190 150
10/040 1 160 250 208
10/041 1 310 400 363
10/042 1 200 316 254
10/043 1 40 200 148
10/044 1 300 420 374
10/045 1 200 273 237
10/046 1 175 305 260
10/047 1 210 310 260
10/048 1 173 270 220
10/049 1 90 176 123
10/050 1 160 275 242
10/051 1 234 340 306
10/052 1 160 234 190
10/053 1 250 380 332
10/054 1 300 390 360
10/055 1 55 106 82
10/056 1 210 315 278
10/057 1 100 232 172
10/058 1 374 443 406
10/059 1 210 278 259
10/060 1 373 450 403
10/061 1 26 118 77
10/062 1 229 333 275
10/063 1 157 266 208
10/064 1 378 443 410
10/066 1 120 210 178
10/067 1 213 280 246
10/068 1 150 260 218
10/069 1 196 287 244
10/070 1 193 317 289
10/071 1 30 104 72
10/072 1 50 143 105
10/073 1 22 86 28
10/074 1 215 273 250
10/075 1 167 283 211
10/076 1 30 143 112
10/077 1 142 235 182
10/078 1 84 160 118
10/079 1 308 411 409
10/080 1 141 203 170
10/081 1 99 150 130
10/082 1 18 88 56
10/083 1 168 253 215
10/084 1 15 85 47
10/085 1 120 206 170
10/086 1 28 138 102
10/087 1 180 302 201
10/088 1 160 272 220
10/089 1 133 212 166
10/090 1 58 142 117
10/091 1 82 183 137
10/092 1 202 284 246
10/093 1 15 147 59
10/094 1 73 154 119
10/095 1 158 220 202
10/096 1 1 107 48
10/098 1 43 146 88
10/099 1 204 283 248
10/100 1 192 232 231
10/101 1 184 242 220
10/102 1 26 124 80
10/103 1 127 203 159
10/104 1 33 233 115
10/105 1 111 242 203
10/106 1 71 183 152
10/107 1 227 303 268
10/108 1 175 285 233
10/109 1 82 169 143
10/110 1 155 207 165
10/111 1 27 125 63
10/112 1 210 314 238
10/113 1 100 230 186
10/114 1 162 266 212
10/115 1 33 97 60
10/116 1 416 496 470
10/117 1 153 207 188
10/118 1 1 103 46
10/119 1 70 141 105
10/120 1 72 155 114
10/121 1 253 315 277
10/122 1 157 211 191
10/123 1 33 87 53
10/124 1 213 392 354
10/125 1 277 385 343
10/126 1 136 198 166
10/127 1 85 187 132
10/128 1 127 195 167
10/129 1 33 145 99
10/130 1 185 253 217
10/131 1 310 417 376
10/132 1 170 237 207
10/133 1 23 115 75
10/134 1 120 286 244
10/135 1 119 206 156
10/136 1 63 129 93
10/137 1 104 202 162
10/138 1 1 95 55
10/139 1 143 262 198
10/140 1 102 176 134
10/141 1 213 279 239
10/142 1 153 215 175
10/143 1 318 397 352
10/144 1 1 78 34
10/145 1 53 115 83
10/146 1 1 66 36
10/147 1 60 158 120
10/148 1 1 123 41
10/149 1 103 243 203
10/150 1 195 272 220
10/151 1 115 197 156
10/152 1 284 394 358
10/153 1 1 165 111
10/154 1 245 330 305
10/155 1 120 226 182
10/156 1 175 256 213
10/157 1 383 522 464
10/158 1 138 220 188
10/159 1 105 146 139
10/160 1 77 187 135
10/162 1 135 231 191
10/163 1 20 163 106
10/164 1 101 188 154
10/165 1 350 460 425
10/166 1 39 151 73
10/167 1 188 279 216
10/168 1 113 230 185
10/169 1 150 290 236
10/170 1 90 170 138
11/001 1 71 165 123
11/002 1 170 278 246
11/003 1 323 439 405
11/004 1 100 175 120
11/005 1 80 225 143
11/006 1 282 340 326
11/007 1 180 371 277
11/008 1 284 356 338
11/009 1 22 154 122
11/010 1 226 320 274
11/011 1 125 230 185
11/012 1 399 487 432
11/013 1 1 133 45
11/014 1 184 300 273
11/015 1 315 404 361
11/016 1 244 356 318
11/017 1 102 252 170
11/018 1 171 241 203
11/019 1 321 424 377
11/020 1 15 99 61
11/021 1 152 304 198
11/022 1 383 429 406
11/023 1 280 360 336
11/024 1 145 320 225
11/025 1 260 318 294
11/026 1 300 433 377
11/027 1 121 232 185
11/028 1 246 320 280
11/029 1 73 163 119
11/030 1 61 188 134
11/031 1 256 357 325
11/032 1 276 399 369
11/033 1 283 347 313
11/034 1 254 351 299
11/035 1 165 274 238
11/036 1 115 208 164
11/037 1 165 270 209
11/038 1 323 382 356
11/039 1 441 525 493
11/040 1 1 85 49
11/041 1 157 247 205
11/042 1 30 127 57
11/043 1 50 101 99
11/044 1 363 443 403
11/045 1 43 115 87
11/046 1 43 118 98
11/047 1 250 337 285
11/048 1 220 320 290
11/049 1 183 236 235
11/050 1 233 350 308
11/051 1 38 174 120
11/052 1 138 208 182
11/053 1 31 102 66
11/054 1 365 424 397
11/055 1 125 280 262
11/056 1 121 213 177
11/057 1 176 248 203
11/058 0 116 168 -1
11/059 1 143 237 191
11/060 1 103 150 129
11/061 1 80 180 125
11/062 1 80 195 132
11/063 1 317 412 381
11/064 0 150 340 -1
11/065 1 254 310 275
11/066 1 260 380 346
11/067 1 397 540 517
11/068 1 133 230 200
11/069 1 140 203 202
11/070 1 420 530 470
11/071 1 210 285 248
11/072 1 200 280 250
11/073 1 30 140 112
11/074 1 238 300 264
11/075 1 153 229 197
11/076 1 437 520 457
11/077 1 145 265 217
11/078 1 40 128 96
11/079 1 24 80 54
11/080 1 161 257 193
11/081 1 78 150 120
11/082 1 50 147 83
11/083 1 110 226 154
11/084 1 162 260 228
11/085 1 170 286 236
11/086 1 166 248 208
11/087 1 90 168 116
11/088 1 60 193 125
11/089 1 63 183 147
11/090 1 225 315 267
11/091 1 20 86 40
11/092 1 170 310 250
11/093 1 140 232 204
11/094 1 175 230 205
11/095 1 55 130 85
11/096 1 48 147 121
11/097 1 40 120 70
11/099 1 202 280 238
11/100 1 180 300 232
11/101 1 1 95 51
11/102 1 85 200 145
11/103 1 35 150 83
11/104 1 147 285 211
11/105 1 78 168 135
11/106 1 150 250 249
11/107 1 92 164 126
11/108 0 155 222 -1
11/109 1 65 140 116
11/110 1 240 312 284
11/111 1 315 405 371
11/112 1 150 260 222
11/113 1 58 128 90
11/114 1 75 233 125
11/115 1 208 270 222
11/116 1 95 230 178
11/117 1 140 250 192
11/118 1 30 150 84
11/119 1 130 240 194
11/120 1 125 211 167
11/121 1 163 208 207
11/122 1 150 280 208
11/123 1 30 100 72
11/124 1 30 120 68
11/125 1 32 84 83
11/126 1 141 219 177
11/128 1 257 341 299
11/129 1 30 110 77
11/130 1 24 104 56
11/131 1 195 275 237
11/132 1 74 160 124
11/133 1 40 110 76
11/135 1 185 290 233
11/136 1 76 140 114
11/137 1 140 224 184
11/138 1 40 120 80
11/139 1 160 222 198
11/140 1 100 218 166
11/141 1 35 130 85
11/142 1 118 210 178
11/143 1 10 102 66
11/144 1 100 243 208
11/145 1 95 180 135
11/146 1 130 210 186
11/147 1 121 230 153
11/148 1 140 250 188
11/149 1 90 266 186
11/150 1 260 350 318
11/151 1 40 130 80
11/152 1 104 160 134
11/153 1 90 188 136
11/154 1 125 220 186
11/155 1 51 157 103
11/156 1 100 188 160
11/157 1 78 160 130
11/158 1 150 240 210
11/159 1 130 230 188
11/160 1 130 220 194
11/161 1 65 173 137
11/162 1 211 300 249
11/163 1 155 269 207
11/164 1 30 140 100
11/165 1 200 340 286
11/166 1 1 175 63
11/167 1 23 101 83
11/168 1 1 101 61
11/169 1 200 300 240
11/170 1 110 180 154
11/171 1 150 230 206
11/172 1 140 220 184
11/173 1 150 204 184
11/174 1 105 185 145
11/175 1 30 150 100
11/176 1 30 88 64
11/177 1 80 162 139
11/178 1 175 280 260
11/179 1 150 278 234
11/180 1 290 367 345
11/181 1 20 112 76
11/182 1 100 230 140
11/183 1 103 160 130
11/184 1 205 294 258
11/185 1 371 419 393
11/186 1 30 130 102
11/187 1 71 111 103
11/188 1 163 245 217
11/189 1 150 216 194
11/190 1 101 203 137
11/191 1 159 263 231
11/192 1 282 378 352
11/193 1 84 180 146
11/194 1 80 161 143
11/195 1 429 531 507
11/196 1 274 390 360
11/197 1 430 500 460
11/198 1 150 200 182
11/199 1 200 310 270
11/200 1 70 140 115
11/201 1 250 329 299
11/202 1 410 570 456
11/203 1 40 150 120
11/204 1 170 230 202
11/205 1 222 282 252
11/206 1 400 500 448
11/207 1 45 180 102
11/208 1 208 240 239
11/209 1 174 270 234
11/210 1 115 185 153
11/211 1 255 370 315
11/212 1 232 300 248
11/213 1 188 260 220
11/214 1 132 230 188
11/215 1 142 226 176
11/216 1 114 190 156
11/217 1 80 150 124
11/218 1 220 290 265
11/219 1 240 341 289
11/220 1 180 260 212
11/221 1 118 190 146
11/222 1 155 310 227
11/223 1 120 233 183
11/224 1 60 182 122
11/225 1 102 170 144
11/226 1 30 110 70
11/227 1 33 177 119
11/228 1 1 70 40
11/229 1 40 142 88
11/230 1 190 310 245
11/231 1 330 425 400
11/232 1 130 224 192
11/233 1 111 163 141
11/234 1 113 190 165
11/235 1 170 260 234
11/236 1 20 120 54
11/237 1 70 200 124
11/238 1 106 260 198
11/239 1 160 222 221
11/240 1 120 206 144
11/241 1 180 326 248
11/242 1 1 56 55
11/243 1 362 468 388
11/244 1 80 195 150
11/245 1 80 200 160
11/246 1 280 400 360
11/247 1 200 339 285
11/248 1 45 94 52
11/249 1 194 388 290
11/250 1 157 322 209
11/251 1 65 180 130
11/252 1 122 225 192
11/253 1 182 310 244
11/254 1 205 340 295
11/255 1 230 330 260
12/001 1 380 443 406
12/002 1 300 404 360
12/003 1 115 210 155
12/004 1 285 444 344
12/005 1 250 370 318
12/006 1 170 242 208
12/007 1 180 280 234
12/008 1 15 100 41
12/009 1 195 303 249
12/010 1 240 360 280
12/011 1 60 180 132
12/012 1 30 160 92
12/013 1 34 148 62
12/014 1 258 415 343
12/015 1 100 300 135
12/016 1 40 180 88
12/017 1 200 280 230
12/018 1 240 360 306
12/019 1 100 240 172
12/020 1 142 240 168
12/021 1 170 258 194
12/022 1 180 260 242
12/023 1 140 240 190
12/024 1 182 290 218
12/025 1 116 212 134
12/026 1 235 333 279
12/027 1 76 220 106
12/028 1 54 150 78
12/029 1 180 360 264
12/030 1 130 270 204
12/031 1 140 250 182
12/032 1 150 240 190
12/033 1 110 230 154
12/034 1 90 180 128
12/035 1 240 360 300
12/036 1 102 220 134
12/037 1 190 360 230
12/038 1 30 180 102
12/039 1 180 288 234
12/040 1 145 225 177
12/041 1 114 270 224
12/042 1 240 360 296
13/001 1 180 247 213
13/002 1 377 437 411
13/003 1 86 210 142
13/004 1 152 340 213
13/005 1 200 310 280
13/006 1 200 300 260
13/007 1 180 280 248
13/008 1 120 300 218
13/009 1 30 76 54
14/001 1 175 399 267
14/002 1 280 365 315
14/003 1 180 280 242
14/004 1 148 294 210
14/005 1 94 176 158
14/006 1 222 334 278
14/007 1 70 190 110
14/008 1 190 320 240
14/009 1 90 330 182
14/010 1 320 504 450
14/011 1 220 390 338
14/012 1 168 330 228
14/013 1 230 360 334
14/014 1 389 470 439
14/015 1 106 222 136
14/016 1 75 150 105
14/017 1 165 221 197
14/018 1 258 410 386
14/019 1 80 206 140
14/020 1 270 350 300
14/021 1 30 112 62
14/022 1 130 280 220
14/023 1 20 210 56
14/024 1 61 235 153
14/025 1 94 276 180
14/026 1 124 246 204
14/027 1 48 196 122
14/028 1 100 268 180
14/029 1 103 195 145
14/030 1 90 404 124
14/031 1 113 269 183
15/001 1 160 404 240
15/002 1 150 270 194
15/003 1 160 400 245
16/001 1 117 176 171
17/001 1 151 225 197
18/001 1 184 260 212
18/002 1 290 374 352
18/003 1 151 235 181
18/004 1 40 150 86
18/005 1 212 312 228
18/006 1 242 400 372
18/007 1 40 250 100
18/008 1 20 130 52
18/009 1 24 120 62
18/010 1 102 180 140
19/001 1 40 124 88
20/001 1 140 220 182
21/001 1 10 79 45
21/002 1 166 244 212
21/003 1 110 214 154
21/004 1 280 372 328
21/005 1 100 204 166
21/006 1 112 240 216
21/007 1 15 136 50
21/008 1 1 164 21
21/009 1 110 233 155
21/011 1 43 97 63
21/012 1 185 235 211
21/013 1 20 150 70
22/001 1 56 156 124
23/001 1 115 250 170
24/001 1 70 285 155
24/002 1 450 680 525
24/003 1 246 351 316
24/004 1 303 401 357
24/005 1 306 409 375
24/006 1 284 374 322
24/007 1 130 390 215
24/008 1 224 332 266
24/009 1 35 204 120
24/010 1 164 228 188
24/011 1 120 282 192
24/012 1 110 207 157
24/013 1 32 138 80
24/014 1 90 180 142
24/015 1 405 530 455
24/016 1 110 248 194
24/017 1 80 308 236
30/001 1 230 338 300
33/001 1 213 263 247
34/001 1 60 158 94
36/001 1 252 358 312
36/002 1 234 320 278
37/001 1 345 450 420
37/002 1 170 300 200
37/003 1 254 346 286
37/004 1 425 469 443
37/005 1 186 252 202
37/006 1 356 464 400
37/007 1 15 130 90
37/008 1 337 435 387
37/009 1 90 196 124
37/010 1 107 199 155
37/011 1 30 116 78
37/012 1 10 100 45
37/013 1 1 95 40
37/014 1 233 303 279
37/015 1 54 140 96
37/017 1 383 425 397
37/018 1 5 93 17
37/019 1 10 114 48
37/020 1 88 160 126
37/021 1 30 128 74
37/022 1 50 100 74
37/023 1 278 360 308
37/024 1 90 214 176
37/025 1 266 364 328
37/026 1 296 360 316
37/027 1 120 210 176
37/028 1 70 150 96
37/029 1 42 130 74
37/030 1 66 138 92
37/031 1 26 110 40
37/032 1 114 176 138
37/033 1 75 170 105
37/034 1 80 168 110
37/035 1 1 66 28
37/036 1 110 190 150
37/037 1 60 120 92
37/038 1 114 198 166
37/039 1 28 104 70
37/040 0 1 86 -1
37/041 1 30 94 50
37/042 1 15 115 50
37/043 1 90 140 108
37/044 1 56 132 100
37/045 1 286 410 342
37/046 1 62 150 116
37/047 1 120 210 154
37/048 1 50 118 94
37/049 1 20 93 56
37/050 1 21 115 65
37/051 1 14 68 32
37/052 1 180 280 230
37/053 1 140 210 172
37/054 1 35 120 80
37/055 1 175 300 195
37/056 1 70 160 114
37/057 1 170 240 200
37/058 1 180 300 255
37/059 1 1 85 33
37/060 1 200 270 250
37/061 1 165 220 199
37/062 1 44 102 74
37/063 1 80 150 115
37/064 1 176 230 200
37/065 1 40 144 96
37/066 1 1 90 54
37/067 1 38 146 72
37/068 1 100 162 120
37/069 1 100 190 160
37/070 1 168 240 216
37/071 1 120 170 150
37/072 1 98 160 130
37/073 1 80 186 130
37/074 1 160 270 212
37/075 1 163 265 203
37/076 1 1 150 44
37/077 1 158 265 218
37/078 1 100 160 126
37/079 1 120 184 154
37/080 1 130 190 156
37/081 1 108 160 130
37/082 1 10 90 38
37/083 1 1 115 35
37/084 1 60 150 110
37/085 1 140 230 190
37/086 1 250 312 272
38/001 1 96 230 170
38/002 1 60 160 118
38/003 1 56 136 90
38/004 1 1 104 38
38/005 1 410 550 456
38/006 1 15 95 51
38/007 1 80 230 136
38/008 1 150 240 190
38/009 1 30 100 60
38/010 1 10 150 32
38/011 1 55 120 80
38/012 1 220 360 264
38/013 1 420 520 460
38/014 1 70 150 92
38/015 1 24 104 54
38/016 1 47 157 103
38/017 1 100 190 125
38/018 1 400 504 456
38/019 1 82 180 126
38/020 1 1 84 36
38/021 1 1 95 35
38/022 1 103 207 141
38/023 1 15 145 50
38/024 1 210 320 260
38/026 1 142 246 202
38/027 1 38 130 68
38/028 1 50 160 110
38/029 1 393 485 433
38/030 1 180 266 236
38/031 1 270 386 338
38/032 1 1 142 86
38/033 1 150 226 178
38/034 1 200 310 282
38/035 1 50 126 82
38/036 1 1 105 59
38/037 1 120 218 164
38/038 1 40 132 94
38/039 1 80 160 140
38/040 1 126 176 146
38/041 1 90 190 140
38/042 1 170 302 212
38/043 1 60 160 108
38/044 1 80 170 125
38/045 1 1 80 20
38/046 1 65 115 80
38/047 1 10 93 55
38/048 1 55 130 85
38/049 1 110 186 144
38/050 1 95 155 115
38/051 1 52 122 90
38/052 1 175 300 220
38/053 1 60 146 120
38/054 1 90 190 132
38/056 1 60 146 100
38/057 1 60 138 100
38/058 1 128 223 182
38/059 1 120 200 155
38/060 1 16 70 36
38/061 1 30 104 66
38/062 1 94 204 160
38/063 1 104 160 130
38/064 1 100 190 145
38/065 1 32 128 80
38/066 1 33 151 87
38/067 1 10 96 44
38/068 1 93 165 100
38/069 1 63 165 97
39/001 1 35 193 105
39/002 1 345 465 403
39/003 1 65 181 85
39/004 1 88 236 132
39/005 1 250 385 305
39/006 1 104 216 160
39/007 1 228 328 288
39/008 1 30 136 64
39/009 1 420 485 465
39/010 1 235 395 290
39/012 1 15 120 55
39/013 1 1 135 47
39/014 1 122 302 232
39/015 1 92 322 148
39/016 1 48 200 80
39/017 1 227 349 293
39/018 1 400 490 455
39/019 1 116 230 160
39/020 1 80 218 164
39/021 1 200 280 234
39/022 1 72 162 102
39/023 1 120 220 165
39/024 1 50 210 110
39/025 1 30 122 78
39/026 1 256 360 340
39/027 1 25 145 102
39/028 1 250 402 320
39/029 1 245 405 279
39/030 1 15 180 120
39/031 1 210 326 246
40/001 1 64 166 106
40/002 1 142 200 182
40/003 1 128 300 170
40/004 1 150 256 232
40/005 1 50 188 104
40/006 1 30 96 60
40/007 1 270 360 326
40/008 1 226 354 288
40/009 1 176 290 264
40/010 1 194 444 286
40/011 1 254 324 282
40/012 1 130 240 194
40/013 0 240 280 -1
40/014 1 140 263 189
40/015 1 1 80 20
40/016 1 144 200 182
41/001 1 336 452 400
41/002 1 80 214 104
41/003 1 264 396 332
41/004 1 248 360 308
41/005 1 10 137 63
41/006 1 186 241 224
41/007 1 30 87 65
41/008 1 640 800 684
41/009 1 178 280 224
41/010 1 13 85 49
41/011 1 20 90 50
41/012 1 148 228 192
41/013 1 10 90 40
41/014 1 148 232 186
41/015 1 1 90 35
41/016 1 80 150 116
41/017 1 1 152 66
41/018 1 40 133 85
42/001 1 246 310 282
42/002 1 146 256 196
42/003 1 146 240 190
42/004 1 86 218 146
42/005 1 56 186 94
42/008 1 62 200 120
42/009 1 415 560 480
42/010 1 90 170 140
42/011 1 166 266 208
42/012 1 1 90 30
42/013 1 180 360 240
42/015 1 50 169 95
42/016 1 30 190 84
42/017 1 260 330 278
42/018 1 30 160 92
42/019 1 46 126 86
42/020 1 1 142 72
42/021 1 60 120 102
42/022 1 340 506 430
42/023 1 400 510 420
42/024 1 340 463 365
42/025 1 130 230 170
42/026 1 50 170 95
43/001 1 84 146 120
43/002 1 75 145 115
43/003 1 50 170 106
43/004 1 150 210 185
43/005 1 300 380 350
43/006 1 304 400 332
43/007 1 50 180 150
43/008 1 150 220 195
43/010 1 380 510 435
43/011 1 315 421 369
43/012 1 360 440 396
43/013 1 180 290 240
43/014 1 300 396 352
43/015 1 96 150 124
43/016 1 260 360 320
43/017 1 60 190 105
43/018 1 72 130 96
43/019 1 50 180 100
43/020 1 30 140 92
43/021 1 70 150 95
43/022 1 110 270 140
43/023 1 60 140 110
43/024 1 1 110 45
43/025 1 1 220 28
43/026 1 220 306 272
43/027 1 210 310 248
43/028 1 26 110 66
43/029 1 198 270 250
43/030 1 30 110 70
43/031 1 220 340 290
43/032 1 100 170 150
43/033 1 106 280 184
43/034 1 1 120 17
43/035 1 30 116 72
43/036 1 160 206 183
43/037 1 240 306 284
43/038 1 335 415 370
43/039 1 242 400 310
43/040 1 310 370 340
43/041 1 1 130 39
43/042 1 1 65 33
43/043 1 320 396 374
43/044 1 1 86 44
43/045 1 1 63 32
43/046 1 80 183 125
43/047 1 250 336 316
43/049 1 248 320 296
43/050 1 300 386 353
43/051 1 206 258 234
43/052 1 178 250 222
43/053 1 50 128 90
43/054 1 140 200 178
43/055 1 35 160 75
43/057 1 70 130 105
43/059 1 15 120 50
43/065 1 20 120 70
43/066 1 155 215 190
43/067 1 20 120 88
43/068 1 1 117 37
43/069 1 210 265 235
43/070 1 40 130 75
43/071 1 250 326 300
43/072 1 80 164 138
43/073 1 165 210 190
43/074 1 230 290 260
43/075 1 110 196 144
43/076 1 190 260 228
43/077 1 35 100 80
43/078 1 105 155 129
43/079 1 120 220 160
43/080 1 160 240 200
43/081 1 170 280 222
43/082 1 150 230 186
43/083 1 183 253 219
43/084 1 308 386 354
43/085 1 1 123 25
43/086 1 232 300 268
43/087 1 80 170 120
43/088 1 280 350 316
43/089 1 46 150 100
43/090 1 93 201 157
43/091 1 200 290 270
43/092 1 146 212 186
43/093 1 50 120 84
43/094 1 140 208 160
43/095 1 50 150 90
43/096 1 415 480 450
43/097 1 131 203 187
43/098 1 158 270 230
43/099 1 180 280 214
43/100 1 320 376 352
43/101 1 580 682 660
43/102 1 120 190 165
43/103 1 120 190 160
43/104 1 274 360 316
43/105 1 290 370 350
43/106 1 114 182 130
43/107 1 10 90 70
43/108 1 143 229 197
43/109 1 80 200 120
43/110 1 60 126 90
43/111 1 180 280 210
43/112 1 140 195 165
43/113 1 95 190 167
43/114 1 218 310 280
43/115 1 86 162 112
43/116 1 20 86 44
43/117 1 65 133 103
43/118 1 20 110 70
43/119 1 70 150 120
43/120 1 1 70 30
43/121 1 100 196 156
43/122 1 70 140 110
43/123 1 132 260 184
43/124 1 180 256 204
43/125 1 120 188 162
43/126 1 1 104 68
43/127 1 35 111 89
43/128 1 84 138 120
43/129 1 1 85 38
43/130 1 213 291 243
43/131 1 63 127 108
43/132 1 40 140 76
43/133 1 70 114 84
43/134 1 108 200 162
43/135 1 28 114 70
43/136 1 84 192 150
43/137 1 101 197 158
43/138 1 46 130 88
43/139 1 240 380 334
43/140 1 40 246 138
43/141 1 10 154 42
43/142 1 150 250 214
43/143 1 18 83 45
43/144 1 125 210 165
43/145 1 140 186 186
43/146 1 120 190 150
43/147 1 50 108 92
43/148 1 1 72 52
43/149 1 130 210 180
43/150 1 39 151 93
43/151 1 130 262 194
43/152 1 86 202 142
43/153 1 65 141 127
43/154 1 1 63 29
43/155 1 120 180 160
43/156 1 180 286 234
43/158 1 25 110 50
43/159 1 90 180 144
43/160 1 186 290 234
43/161 1 150 220 192
43/162 1 70 180 160
43/163 1 65 113 95
43/164 1 80 180 148
43/165 1 30 110 62
43/166 1 52 147 85
43/167 1 256 310 288
43/168 1 176 258 200
43/169 1 140 250 200
43/170 1 40 106 86
43/171 1 60 166 130
43/172 1 84 162 128
43/173 1 166 218 190
43/174 1 255 335 290
43/175 1 195 305 245
43/176 1 120 228 184
43/177 1 150 360 256
43/178 1 80 156 128
43/179 1 33 105 71
43/180 1 140 224 184
43/181 1 1 109 27
43/182 1 936 1026 972
43/183 1 135 217 159
43/184 1 125 195 160
43/185 1 340 450 400
43/186 1 184 282 214
43/187 1 15 97 63
43/188 1 1 57 27
43/189 1 25 105 70
43/190 1 95 195 145
43/191 1 95 156 120
43/192 1 45 130 100
43/193 1 110 196 132
43/194 1 15 107 45
43/195 1 20 170 86
43/196 1 60 150 106
43/197 1 70 190 152
43/198 1 265 355 323
43/199 1 1 85 47
43/200 1 98 244 142
43/201 1 292 412 344
43/202 1 66 176 124
43/203 1 42 138 96
43/204 1 320 460 446
43/205 1 38 90 76
43/206 1 40 110 68
43/207 1 180 342 274
43/208 1 177 333 233
43/209 1 220 286 248
43/210 1 30 180 72
43/211 1 205 320 280
43/212 1 80 150 108
43/213 1 60 200 148
43/214 1 140 232 212
43/215 1 72 150 108
43/216 1 88 158 128
43/217 1 410 508 472
43/218 1 138 212 186
43/219 1 30 130 67
44/001 1 132 348 224
44/002 1 160 358 212
44/003 1 85 215 160
45/001 1 100 190 140
45/002 1 24 150 66
45/003 1 88 226 146
45/004 1 10 74 46
45/005 1 140 220 180
45/006 1 220 334 286
45/007 1 24 194 114
45/008 1 136 242 188
45/009 1 140 210 186
47/001 1 92 198 146
48/001 1 80 210 170
48/002 1 40 150 100
48/003 1 10 102 70
48/004 1 240 312 274
48/005 1 60 138 88
48/006 1 180 290 272
48/007 1 115 205 155
48/008 1 280 400 336
48/009 1 292 410 344
48/010 1 110 228 170
48/011 1 80 210 160
48/012 1 400 538 442
48/013 1 20 118 62
48/014 1 10 140 38
48/015 1 15 150 82
48/016 1 24 164 68
48/017 1 54 142 100
48/018 1 230 320 274
48/019 1 50 200 150
48/020 1 275 370 318
48/021 1 270 356 300
48/022 1 175 338 262
48/023 1 70 190 138
48/024 1 105 211 161
48/026 1 100 208 154
48/027 1 170 290 260
48/028 1 96 208 156
48/029 1 170 290 240
48/030 1 40 160 94
48/031 1 48 152 102
48/032 1 120 194 160
48/033 1 165 227 189
48/034 1 30 100 70
48/035 1 60 205 170
48/036 1 38 144 100
48/037 1 220 340 284
48/038 1 89 169 129
48/039 1 340 410 365
48/040 1 176 270 236
48/041 1 128 262 236
48/042 1 150 240 198
48/043 1 55 200 150
48/044 1 130 280 178
48/045 1 122 248 220
48/046 1 90 170 140
48/047 1 1 80 36
48/048 1 168 246 184
48/049 1 136 210 166
48/050 1 320 388 354
48/051 1 300 420 346
48/052 1 100 190 140
48/053 1 170 270 228
48/054 1 130 256 178
48/055 1 240 350 270
48/056 1 878 1028 960
48/057 1 284 350 316
48/058 1 1 97 41
48/059 1 150 210 180
48/060 1 160 235 203
48/061 1 150 310 210
48/062 1 20 100 58
48/063 1 70 176 114
48/064 1 30 103 73
48/065 1 110 190 150
48/066 1 20 100 78
48/067 1 226 364 264
48/068 1 90 165 113
48/069 1 70 271 117
48/070 1 216 305 245
48/071 1 280 370 336
48/072 1 130 220 168
48/073 1 1 87 54
48/074 1 116 250 152
48/075 1 166 262 202
48/076 1 50 178 104
48/077 1 225 280 245
48/078 1 1 150 27
48/079 1 188 324 286
48/080 1 175 300 225
48/081 1 1 162 45
48/082 1 180 266 204
48/083 1 30 160 60
49/001 1 230 320 280
49/002 1 70 180 135
49/003 1 75 175 115
49/004 1 146 210 166
49/005 1 180 270 240
49/006 1 101 227 183
49/008 1 90 190 165
49/009 1 220 310 260
49/010 1 92 230 166
49/011 1 23 103 63
49/012 1 15 99 39
49/013 1 185 301 253
49/014 1 224 352 268
49/015 1 228 342 280
49/017 1 170 258 216
49/018 1 120 230 162
49/019 1 105 215 140
49/020 0 170 280 -1
49/021 1 220 340 280
49/022 1 182 300 268
49/023 1 180 270 232
49/024 1 207 295 255
49/025 1 50 170 120
49/026 1 130 206 172
49/027 1 154 248 200
49/028 1 130 248 220
49/029 1 148 239 195
49/030 1 116 192 168
49/031 1 150 280 230
49/032 1 104 224 168
49/033 1 144 260 226
49/034 1 110 220 174
49/035 1 15 130 40
49/036 1 120 224 162
49/038 1 62 146 112
49/040 1 65 175 125
49/041 1 60 135 95
49/045 1 280 405 345
49/046 1 95 220 135
49/048 1 288 440 414
50/001 1 30 115 75
50/002 1 15 95 49
50/003 1 190 288 238
50/004 1 40 120 80
50/005 1 110 200 150
50/006 1 220 325 265
50/007 1 15 63 33
50/008 1 330 480 430
50/009 1 75 145 125
50/010 1 200 308 272
50/011 1 70 134 96
50/012 1 25 103 63
50/013 1 290 390 360
50/014 1 70 140 110
50/015 1 76 160 130
50/016 1 94 180 152
50/017 1 80 160 128
50/018 1 55 120 80
50/019 1 55 161 93
50/020 1 206 314 282
50/021 1 15 94 52
50/022 1 130 220 162
50/023 1 35 120 80
50/024 1 70 172 136
50/025 1 270 392 344
50/026 1 30 116 74
50/027 1 15 95 55
50/028 1 28 150 94
50/029 1 30 128 86
50/030 1 1 98 48
50/031 1 130 214 184
50/032 1 30 110 68
50/034 1 10 86 54
50/035 1 10 53 27
50/036 1 1 105 35
50/037 1 16 98 42
50/038 1 130 220 188
50/039 1 20 106 50
50/041 1 10 102 56
50/042 1 1 94 42
50/046 1 40 160 108
50/047 1 43 127 88
50/048 1 364 508 466
50/049 1 136 246 194
50/050 1 110 205 165
50/053 1 130 190 150
50/054 1 150 230 190
50/055 1 1 99 56
50/056 1 62 190 140
50/057 1 160 250 212
50/058 1 150 240 202
50/059 1 44 134 90
50/061 1 320 410 368
50/062 1 130 266 224
50/063 1 255 366 288
50/064 1 160 266 220
50/065 1 50 165 115
50/066 1 20 98 50
50/067 1 220 316 286
50/068 1 120 222 188
50/069 1 398 486 444
50/070 1 118 214 178
50/071 1 160 252 200
50/072 1 65 163 115
50/074 1 50 140 102
50/075 1 26 118 76
50/076 1 140 210 178
50/078 1 20 110 66
50/079 1 64 142 106
50/080 1 122 210 168
50/081 1 35 85 60
50/082 1 100 185 145
50/083 1 75 187 133
50/084 1 11 67 33
50/085 1 1 90 20
50/086 1 140 230 180
50/087 1 40 160 66
50/088 1 215 345 295
50/089 1 30 90 56
50/090 1 15 110 55
50/091 1 92 210 184
50/092 1 42 78 74
50/093 1 18 94 56
50/094 1 558 633 591
50/095 1 32 125 93
50/096 1 185 230 202
50/097 1 16 102 64
50/098 1 28 144 74
50/099 1 76 218 156
50/100 1 78 172 128
50/101 1 80 180 152
50/102 1 35 117 70
50/103 1 91 175 137
50/104 1 34 126 88
50/105 1 20 108 70
50/106 1 60 138 94
50/108 1 122 240 178
50/109 1 152 226 180
50/110 1 1 58 26
50/111 1 1 113 43
50/112 1 136 232 200
50/113 1 114 208 152
50/114 1 26 118 60
50/115 1 114 200 152
50/116 1 60 194 116
50/117 1 114 242 204
50/118 1 112 206 164
50/119 1 35 119 63
50/120 1 96 168 124
50/121 1 33 153 95
50/122 1 114 216 172
50/123 1 149 211 176
50/124 1 111 239 186
50/125 1 32 104 68
50/126 1 18 107 55
50/127 1 26 132 74
50/128 1 187 269 225
50/129 1 45 128 100
50/130 1 15 74 40
50/131 1 1 79 45
50/132 1 137 255 213
50/133 1 20 104 76
50/134 1 28 102 58
50/135 1 33 121 85
50/136 1 236 326 302
50/137 1 207 323 267
50/138 1 136 226 184
50/139 1 245 315 288
50/140 1 33 129 81
50/141 1 194 276 238
50/142 1 104 190 152
50/143 1 58 178 126
50/144 1 302 412 390
50/145 1 20 96 60
50/146 1 174 290 256
50/147 1 1 88 32
50/148 1 216 318 260
50/149 1 98 194 152
50/150 1 113 179 151
50/151 1 196 314 286
50/152 1 248 338 298
50/153 1 42 128 94
50/154 1 222 308 274
50/155 1 22 108 76
50/156 1 28 104 62
50/157 1 98 192 150
50/158 1 22 106 66
50/159 1 27 105 73
50/160 1 58 134 90
50/161 1 77 163 125
50/162 1 80 154 122
50/163 1 80 176 118
50/164 1 124 226 190
50/165 1 147 245 177
50/166 1 223 289 267
50/167 1 10 74 42
50/168 1 204 316 270
50/169 1 156 264 212
50/170 1 22 86 48
50/171 1 32 90 54
50/172 1 188 256 224
50/173 1 160 246 200
50/174 1 40 110 60
50/175 1 217 335 299
50/176 1 38 122 84
50/177 1 30 112 68
50/178 1 84 176 128
50/179 1 15 95 50
50/180 1 40 94 62
50/181 1 15 84 26
50/182 1 55 177 143
50/183 1 158 264 222
50/184 1 124 190 159
50/185 1 15 86 40
50/186 1 1 90 35
50/187 1 77 198 144
50/188 1 190 286 228
50/189 1 250 328 290
50/190 1 109 195 147
50/191 1 189 273 225
50/192 1 254 308 280
50/193 1 218 302 252
50/194 1 136 238 212
50/195 1 386 518 470
50/196 1 40 112 78
50/197 1 30 175 137
50/198 1 15 85 47
50/199 1 16 58 32
50/200 1 17 83 45
50/201 1 173 241 215
50/202 1 328 484 422
50/203 1 90 154 126
50/204 1 18 129 81
50/205 1 166 240 210
50/206 1 109 225 139
50/207 1 169 221 197
50/208 1 134 250 212
50/210 1 73 158 126
50/211 1 137 225 181
50/212 1 245 367 313
50/213 1 1 71 35
51/001 1 162 258 214
51/002 1 247 303 285
51/003 1 112 184 155
51/004 1 103 191 155
51/005 1 1 64 18
51/006 1 34 136 82
51/007 1 326 460 378
51/008 1 236 424 278
51/009 1 50 134 88
51/010 1 18 76 42
51/011 1 15 89 43
51/012 1 1 55 19
51/013 1 78 158 114
51/014 1 95 189 141
51/015 1 25 135 65
51/016 1 103 221 149
51/017 1 53 165 121
51/018 1 113 163 141
52/001 1 91 189 153
52/003 1 218 316 258
52/004 1 192 268 230
52/005 1 45 183 139
52/006 1 80 138 102
52/007 1 128 222 190
52/008 1 17 91 49
52/009 1 1 95 49
52/010 1 115 191 147
52/011 1 69 145 99
52/012 1 73 195 157
53/001 1 114 210 146
53/002 1 20 128 90
53/003 1 10 108 52
53/004 1 27 123 73
53/005 1 17 61 37
53/008 1 46 124 78
53/009 1 1 99 42
53/010 1 15 101 49
53/011 1 105 195 165
53/012 1 152 258 224
53/013 1 167 225 199
54/001 1 20 136 64
54/002 0 266 380 -1
54/003 1 32 208 114
55/001 1 132 260 220
55/002 1 1 143 107
55/003 1 1 89 47
56/001 1 71 145 100
56/002 1 15 81 37
56/003 1 50 140 106
56/004 1 47 135 97
56/005 1 188 270 238
56/006 1 44 256 132
56/007 1 71 147 99
56/008 1 170 280 240
56/010 1 15 123 69
56/011 1 15 90 55
56/012 1 158 234 196
56/013 1 135 249 217
56/014 1 1 99 35
56/015 1 368 534 476
56/018 1 35 141 87
56/019 1 119 243 191
56/020 1 72 158 116
56/021 1 55 149 97
56/022 1 101 213 171
56/023 1 96 228 142
56/024 1 42 110 78
56/025 1 1 59 17
56/026 1 85 145 110
56/027 1 1 78 34
56/028 1 79 150 125
56/029 1 56 166 130
56/030 1 74 176 114
56/031 1 42 130 54
56/032 1 266 332 308
56/033 1 1 117 65
56/034 1 1 85 30
56/035 1 242 370 336
56/037 1 225 345 307
56/038 1 91 183 145
56/039 1 1 75 13
56/040 1 15 105 53
56/041 1 1 57 19
57/001 1 174 296 248
57/002 1 1 123 71
57/004 1 201 283 237
57/005 1 239 313 285
57/006 1 21 150 88
57/007 1 213 305 263
57/008 1 33 145 81
57/009 1 138 226 182
57/010 1 15 130 80
57/011 1 47 125 91
57/012 1 133 225 181
57/014 1 91 203 157
57/015 1 18 116 80
57/016 1 37 125 85
57/017 1 219 327 271
57/018 1 77 137 89
57/019 1 23 111 57
57/020 1 54 136 92
57/021 1 36 130 68
57/022 1 30 166 122
57/023 1 182 284 234
57/024 1 113 267 215
57/025 1 1 86 20
57/026 1 1 75 30
57/027 1 16 88 44
57/028 1 70 192 126
57/029 1 36 198 144
57/030 1 13 105 61
57/031 1 127 203 165
57/032 1 111 217 173
57/033 1 85 195 155
57/034 1 147 228 170
57/035 1 317 423 365
57/036 1 115 203 149
57/037 1 91 189 145
57/038 1 54 170 132
57/039 1 177 321 271
57/040 1 224 322 260
57/041 1 38 121 79
57/042 1 41 167 81
57/043 1 73 163 127
57/044 1 22 90 52
57/045 1 108 228 168
57/046 1 168 242 196
57/047 1 258 366 318
58/001 1 98 166 124
58/002 1 21 105 73
58/003 1 86 160 132
58/004 1 35 123 97
59/001 1 68 164 108
59/002 1 82 180 138
59/003 1 32 96 72
59/004 1 422 526 470
59/005 1 110 200 168
59/006 1 1 80 38
59/007 1 27 97 45
59/008 1 84 172 136
59/009 1 387 503 473
59/010 1 438 496 470
59/011 1 173 259 225
59/012 1 65 117 93
59/013 1 165 227 199
59/014 1 65 116 97
59/015 1 118 182 158
59/016 1 102 200 174
59/017 1 92 194 146
60/001 1 25 97 55
60/002 1 30 104 68
60/003 1 304 406 378
61/001 1 60 315 150
61/002 1 168 360 270
61/003 1 204 336 288
61/004 1 185 287 211
61/005 1 182 280 230
61/006 1 186 344 250
61/007 1 185 250 222
61/008 1 223 374 338
61/009 1 67 335 111
61/010 1 105 253 197
61/011 1 50 179 93
61/014 1 224 342 260
61/015 1 25 161 103
61/016 1 183 355 243
61/017 1 283 460 369
61/018 1 180 320 205
61/019 1 94 290 138
61/020 1 35 217 123
