1/1 1 30 115 63
1/2 1 110 200 168
1/3 1 40 120 72
1/4 1 290 420 360
1/5 1 180 310 260
1/6 1 245 320 280
1/7 1 170 240 196
1/8 1 75 130 90
1/9 1 40 150 93
1/10 1 390 530 472
1/11 0 290 380 -1
1/12 1 320 400 350
1/13 1 240 320 269
1/14 1 140 220 190
1/15 1 165 210 182
1/16 0 80 170 -1
1/17 1 570 620 597
1/18 1 80 200 165
1/19 1 40 160 96
1/20 1 360 420 384
1/21 0 70 150 -1
1/22 1 140 220 177
1/23 1 230 310 260
1/24 1 215 240 234
1/25 1 1 110 55
1/26 1 85 175 105
1/27 1 140 200 159
1/28 1 105 180 145
1/29 1 115 190 142
1/30 1 44 90 58
1/31 1 161 191 171
1/32 1 175 220 194
1/33 1 220 270 244
1/34 1 85 190 110
1/35 1 40 200 138
1/36 1 277 350 320
1/37 1 140 180 158
1/38 1 110 165 133
1/39 1 60 140 108
1/40 1 1 60 15
1/41 1 70 115 85
1/42 1 115 210 155
1/43 0 185 280 -1
1/44 1 73 160 105
1/45 0 55 170 -1
1/46 1 50 170 117
1/47 1 450 530 465
1/48 1 1 110 58
1/49 1 60 120 98
1/50 1 195 360 324
1/51 1 90 150 114
1/52 1 56 110 82
1/53 1 110 180 140
2/1 1 1 290 240
2/2 1 1 140 90
2/3 1 50 170 140
2/4 1 50 180 150
2/5 1 160 250 218
2/6 1 200 300 270
3/1 1 300 430 404
3/2 1 120 200 184
3/3 1 35 100 80
3/4 1 310 390 355
3/5 1 180 280 240
3/6 1 125 170 155
3/7 1 70 130 100
3/8 1 325 400 360
3/9 1 210 260 230
3/10 1 270 380 345
3/11 1 145 200 170
3/12 1 145 200 170
3/13 1 1 110 44
3/14 1 52 150 118
3/15 1 170 250 215
3/16 1 165 240 204
3/17 1 135 240 200
4/1 1 1 70 38
4/2 1 127 180 150
4/3 1 50 160 115
4/4 1 150 280 224
4/5 1 400 490 450
4/6 1 100 216 180
4/7 1 150 210 170
4/8 1 75 190 140
4/9 1 70 120 94
4/10 1 90 190 145
4/11 1 125 200 153
4/12 1 190 290 253
4/13 1 260 370 330
5/1 1 135 200 165
5/2 1 90 220 175
5/3 1 110 230 165
5/4 1 240 330 265
5/5 1 190 240 210
5/6 1 175 310 216
5/7 1 140 270 235
5/8 1 250 340 282
5/9 1 365 440 410
5/10 1 40 130 95
5/11 1 50 150 100
5/12 1 390 455 430
5/13 1 150 250 215
5/14 1 380 450 424
5/15 1 50 150 75
5/16 1 130 250 190
5/17 1 1 130 70
5/18 1 80 190 133
5/19 1 160 280 240
5/20 1 290 390 350
5/21 1 80 153 133
5/22 1 330 460 370
5/23 1 230 335 280
5/24 1 260 330 290
5/25 1 190 277 224
5/26 1 25 130 80
5/27 1 105 180 145
5/28 1 210 300 252
5/29 1 237 350 317
5/30 1 260 377 328
5/31 1 30 130 80
5/32 1 210 280 222
5/33 1 135 200 171
5/34 1 260 330 302
5/35 1 352 420 396
5/36 1 196 270 228
5/37 1 147 234 194
5/38 1 320 500 423
5/39 1 218 300 256
5/40 1 285 382 346
5/41 1 143 205 163
5/42 1 107 210 177
5/43 1 416 484 465
5/44 1 97 179 144
5/45 1 168 254 210
5/46 1 28 106 61
5/47 1 49 130 73
5/48 1 218 275 246
5/49 1 102 165 129
5/50 1 23 115 62
5/51 1 15 140 87
5/52 1 63 170 121
5/53 1 221 272 242
5/54 1 337 411 374
5/55 1 253 320 282
5/56 1 342 440 396
5/57 1 193 330 282
5/58 1 15 115 75
5/59 1 100 180 118
5/60 1 98 170 135
5/61 1 437 500 463
5/62 1 86 180 142
5/63 1 376 460 420
5/64 1 53 120 87
5/65 1 130 240 178
5/66 1 240 320 277
5/67 1 34 123 94
5/68 1 247 310 277
5/69 1 107 155 134
5/70 1 8 80 55
5/71 1 216 295 250
5/72 1 155 290 238
5/73 1 63 170 113
5/74 1 66 150 103
5/75 1 43 84 79
5/76 1 30 150 90
5/77 1 127 210 164
5/78 1 88 210 145
5/79 1 78 150 114
5/80 1 206 270 238
5/81 1 20 103 67
5/82 1 105 170 130
5/83 1 125 200 160
5/84 1 10 110 42
5/85 1 400 520 455
5/86 1 12 80 48
5/87 1 53 150 113
5/88 1 30 100 71
5/89 1 37 98 54
5/90 1 37 110 82
5/91 1 140 200 162
5/92 1 86 180 146
5/93 1 80 150 116
5/94 1 310 350 326
5/95 1 394 430 409
5/96 1 98 160 120
5/97 1 119 192 146
5/98 1 242 330 296
5/99 1 5 110 34
5/100 1 256 308 274
5/101 1 115 200 150
5/102 1 70 130 93
5/103 1 110 220 184
5/104 1 144 250 215
5/105 1 87 150 134
5/106 1 127 214 163
5/107 1 22 65 44
5/108 1 120 190 166
5/109 1 70 180 127
5/110 1 100 173 127
5/111 1 142 233 210
5/112 1 158 210 195
5/113 1 1 88 44
5/114 1 240 320 253
5/115 1 135 250 187
5/116 1 140 190 158
5/117 1 78 180 157
5/118 1 99 170 130
5/119 1 25 77 58
5/120 1 146 260 208
5/121 1 145 208 168
5/122 1 230 330 285
5/123 1 64 170 123
5/124 1 247 300 264
5/125 1 290 350 309
5/126 1 110 190 150
5/127 1 95 210 168
5/128 1 144 210 177
5/129 1 184 250 212
5/130 1 1 60 32
5/131 1 267 350 310
5/132 1 162 250 220
5/133 1 80 170 135
5/134 1 193 260 217
5/135 1 90 170 135
5/136 1 170 300 242
5/137 1 107 187 147
5/138 1 65 170 130
5/139 1 114 180 148
5/140 1 86 190 150
5/141 1 133 200 164
5/142 1 235 315 265
5/143 1 353 540 416
5/144 1 168 380 296
5/145 1 287 370 323
5/146 1 290 375 316
5/147 1 284 350 304
5/148 1 322 394 346
5/149 1 1 96 55
5/150 1 122 185 152
5/151 1 90 130 113
5/152 1 183 250 208
5/153 1 175 233 200
5/154 1 47 125 92
5/155 1 1 90 55
5/156 1 50 150 113
5/157 1 35 100 67
6/1 1 164 226 202
6/2 1 102 260 160
6/3 1 164 280 230
6/4 1 74 138 108
6/5 1 225 280 243
6/6 1 339 457 441
6/7 1 73 145 124
6/8 1 73 170 130
6/9 1 160 210 180
6/10 1 310 437 421
6/11 1 40 105 80
6/12 1 198 290 246
6/13 1 200 302 272
6/14 1 137 207 179
6/15 1 230 290 257
6/16 1 280 370 335
6/17 1 87 150 123
6/18 1 133 200 180
6/19 1 160 270 214
6/20 1 256 330 290
6/21 1 280 370 318
6/22 1 130 240 172
6/23 1 1 120 72
6/24 1 43 120 73
6/25 1 130 220 180
6/26 1 150 230 203
6/27 1 210 300 242
6/28 1 397 490 446
6/29 1 178 240 195
6/30 1 30 110 67
6/31 1 223 350 290
6/32 1 15 140 90
6/33 1 1 101 57
6/34 1 360 430 398
6/35 1 200 248 227
6/36 1 275 380 310
6/37 1 138 220 182
6/38 1 240 320 275
6/39 1 160 270 222
6/40 1 1 80 41
6/41 1 180 260 215
6/42 1 64 100 72
6/43 1 200 260 236
6/44 1 75 160 118
6/45 1 40 136 94
6/46 1 148 220 178
6/47 1 200 350 284
6/48 1 118 210 180
6/49 1 120 210 170
6/50 1 300 400 353
6/51 1 50 184 142
6/52 1 153 246 188
6/53 1 70 180 132
6/54 1 104 180 128
6/55 1 30 100 61
6/56 1 60 170 127
6/57 1 140 246 194
6/58 1 1 112 54
6/59 1 30 100 56
6/60 1 365 440 410
6/61 1 158 220 182
6/62 1 5 90 37
6/63 1 89 190 139
6/64 1 64 130 94
6/65 1 77 130 95
6/66 1 230 300 260
6/67 1 197 256 233
6/68 1 147 270 212
6/69 1 70 180 142
6/70 1 99 199 137
6/71 1 396 472 430
6/72 1 85 190 150
6/73 1 70 130 102
6/74 1 60 110 84
6/75 1 80 190 148
6/76 1 360 488 460
6/77 1 120 200 165
6/78 1 10 90 46
6/79 1 44 140 78
6/80 1 130 200 154
6/81 1 10 105 61
6/82 1 158 253 193
6/83 1 140 235 198
6/84 1 80 160 123
6/85 1 110 170 133
6/86 1 50 130 97
6/87 1 150 240 210
6/88 1 1 140 74
6/89 1 80 150 118
6/90 1 23 110 73
6/91 1 100 240 193
6/92 1 280 390 338
6/93 1 1 120 64
6/94 1 140 200 173
6/95 1 76 120 100
6/96 1 155 300 204
6/97 1 176 352 298
6/98 1 50 150 105
6/99 1 20 110 66
6/100 1 231 300 272
6/101 1 150 260 224
6/102 1 70 160 114
6/103 1 216 300 248
6/104 1 130 210 180
6/105 1 105 180 142
6/106 1 143 230 206
6/107 1 140 230 170
6/108 1 160 300 236
6/109 1 95 200 159
6/110 1 130 240 200
6/111 1 340 412 375
6/112 1 312 370 345
6/113 1 53 140 95
6/114 1 250 320 285
6/115 1 246 350 303
6/116 1 50 140 92
6/117 1 200 300 255
6/118 1 150 250 205
6/119 1 60 150 118
7/1 1 290 390 340
7/2 1 30 130 69
7/3 1 230 310 264
7/4 1 170 280 230
7/5 1 140 220 185
7/6 1 390 466 430
7/7 1 140 250 226
7/8 1 170 250 198
7/9 1 1 100 50
7/10 1 80 170 132
7/11 1 20 120 68
7/12 1 30 130 99
8/1 1 100 200 162
8/2 1 90 150 106
8/3 1 300 430 394
8/4 1 130 210 186
8/5 1 188 260 228
8/6 1 90 180 156
8/7 1 200 260 220
8/8 1 40 120 87
8/9 1 200 280 258
8/10 1 250 400 315
8/11 1 15 111 110
8/12 1 1 80 30
8/13 1 170 250 214
8/14 1 400 500 440
8/15 1 100 170 118
8/16 1 50 170 96
8/17 1 100 250 153
8/18 1 66 170 120
8/19 1 90 180 148
8/20 1 160 230 207
8/21 1 80 170 110
8/22 1 25 95 61
8/23 1 100 240 179
8/24 1 144 220 182
8/25 1 110 190 158
8/26 1 1 170 83
8/27 1 30 130 85
8/28 0 320 410 -1
8/29 1 100 240 202
8/30 1 580 780 674
8/31 1 100 240 205
8/32 1 200 340 285
8/33 1 15 80 43
8/34 0 204 270 -1
8/35 1 1 110 43
8/36 1 100 170 122
8/37 1 290 380 345
8/38 1 450 630 582
8/39 1 220 270 245
8/40 0 60 130 -1
8/41 1 140 210 163
8/42 1 80 190 148
8/43 1 230 390 360
8/44 1 120 220 166
8/45 1 220 290 262
8/46 1 100 350 176
8/47 0 90 180 -1
8/48 1 90 190 147
8/49 1 1 150 62
8/50 1 30 120 78
8/51 1 200 280 260
8/52 1 100 250 140
8/53 1 150 310 222
8/54 1 120 230 178
8/55 1 300 470 400
8/56 1 150 330 202
8/57 1 430 490 458
9/1 1 85 200 123
9/2 1 75 200 145
9/3 1 175 320 250
9/4 1 120 220 178
9/5 1 320 418 380
9/6 1 150 260 190
9/7 1 250 330 295
9/8 1 400 620 539
9/9 1 150 270 220
9/10 1 120 240 178
9/11 1 160 280 230
9/12 1 230 330 308
9/13 1 200 320 253
9/14 1 70 220 100
9/15 1 200 330 265
9/16 1 100 230 140
9/17 1 250 350 292
9/18 1 180 260 218
9/19 1 75 160 122
9/20 1 130 300 220
10/1 1 260 380 325
10/2 1 130 300 244
10/3 1 80 160 125
10/4 1 130 230 170
10/5 1 300 400 356
10/6 1 200 330 268
10/7 1 220 310 270
10/8 1 140 270 215
10/9 1 80 210 168
10/10 1 340 395 393
10/11 1 180 250 228
10/12 1 130 200 170
10/13 1 280 360 320
10/14 1 345 402 389
10/15 1 60 71 70
10/16 1 320 430 408
10/17 1 210 300 248
10/18 1 260 312 310
10/19 1 465 500 478
10/20 1 170 250 225
10/21 1 98 190 136
10/22 1 160 260 232
10/23 1 240 365 321
10/24 1 150 220 186
10/25 1 360 460 426
10/26 1 200 320 267
10/27 1 255 340 285
10/28 1 200 380 249
10/29 1 270 350 300
10/30 1 388 490 450
10/31 1 200 350 296
10/32 1 153 247 196
10/33 1 220 320 274
10/34 1 350 413 412
10/35 1 120 250 186
10/36 1 274 330 306
10/37 1 220 320 285
10/38 0 180 360 -1
10/39 1 120 190 150
10/40 1 160 250 208
10/41 1 310 400 363
10/42 1 200 316 254
10/43 1 40 200 148
10/44 1 300 420 374
10/45 1 200 273 237
10/46 1 175 305 260
10/47 1 210 310 260
10/48 1 173 270 220
10/49 1 90 176 123
10/50 1 160 275 242
10/51 1 234 340 306
10/52 1 160 234 190
10/53 1 250 380 332
10/54 1 300 390 360
10/55 1 55 106 82
10/56 1 210 315 278
10/57 1 100 232 172
10/58 1 374 443 406
10/59 1 210 278 259
10/60 1 373 450 403
10/61 1 26 118 77
10/62 1 229 333 275
10/63 1 157 266 208
10/64 1 378 443 410
10/66 1 120 210 178
10/67 1 213 280 246
10/68 1 150 260 218
10/69 1 196 287 244
10/70 1 193 317 289
10/71 1 30 104 72
10/72 1 50 143 105
10/73 1 22 86 28
10/74 1 215 273 250
10/75 1 167 283 211
10/76 1 30 143 112
10/77 1 142 235 182
10/78 1 84 160 118
10/79 1 308 411 409
10/80 1 141 203 170
10/81 1 99 150 130
10/82 1 18 88 56
10/83 1 168 253 215
10/84 1 15 85 47
10/85 1 120 206 170
10/86 1 28 138 102
10/87 1 180 302 201
10/88 1 160 272 220
10/89 1 133 212 166
10/90 1 58 142 117
10/91 1 82 183 137
10/92 1 202 284 246
10/93 1 15 147 59
10/94 1 73 154 119
10/95 1 158 220 202
10/96 1 1 107 48
10/98 1 43 146 88
10/99 1 204 283 248
10/100 1 192 232 231
10/101 1 184 242 220
10/102 1 26 124 80
10/103 1 127 203 159
10/104 1 33 233 115
10/105 1 111 242 203
10/106 1 71 183 152
10/107 1 227 303 268
10/108 1 175 285 233
10/109 1 82 169 143
10/110 1 155 207 165
10/111 1 27 125 63
10/112 1 210 314 238
10/113 1 100 230 186
10/114 1 162 266 212
10/115 1 33 97 60
10/116 1 416 496 470
10/117 1 153 207 188
10/118 1 1 103 46
10/119 1 70 141 105
10/120 1 72 155 114
10/121 1 253 315 277
10/122 1 157 211 191
10/123 1 33 87 53
10/124 1 213 392 354
10/125 1 277 385 343
10/126 1 136 198 166
10/127 1 85 187 132
10/128 1 127 195 167
10/129 1 33 145 99
10/130 1 185 253 217
10/131 1 310 417 376
10/132 1 170 237 207
10/133 1 23 115 75
10/134 1 120 286 244
10/135 1 119 206 156
10/136 1 63 129 93
10/137 1 104 202 162
10/138 1 1 95 55
10/139 1 143 262 198
10/140 1 102 176 134
10/141 1 213 279 239
10/142 1 153 215 175
10/143 1 318 397 352
10/144 1 1 78 34
10/145 1 53 115 83
10/146 1 1 66 36
10/147 1 60 158 120
10/148 1 1 123 41
10/149 1 103 243 203
10/150 1 195 272 220
10/151 1 115 197 156
10/152 1 284 394 358
10/153 1 1 165 111
10/154 1 245 330 305
10/155 1 120 226 182
10/156 1 175 256 213
10/157 1 383 522 464
10/158 1 138 220 188
10/159 1 105 146 139
10/160 1 77 187 135
10/162 1 135 231 191
10/163 1 20 163 106
10/164 1 101 188 154
10/165 1 350 460 425
10/166 1 39 151 73
10/167 1 188 279 216
10/168 1 113 230 185
10/169 1 150 290 236
10/170 1 90 170 138
11/1 1 71 165 123
11/2 1 170 278 246
11/3 1 323 439 405
11/4 1 100 175 120
11/5 1 80 225 143
11/6 1 282 340 326
11/7 1 180 371 277
11/8 1 284 356 338
11/9 1 22 154 122
11/10 1 226 320 274
11/11 1 125 230 185
11/12 1 399 487 432
11/13 1 1 133 45
11/14 1 184 300 273
11/15 1 315 404 361
11/16 1 244 356 318
11/17 1 102 252 170
11/18 1 171 241 203
11/19 1 321 424 377
11/20 1 15 99 61
11/21 1 152 304 198
11/22 1 383 429 406
11/23 1 280 360 336
11/24 1 145 320 225
11/25 1 260 318 294
11/26 1 300 433 377
11/27 1 121 232 185
11/28 1 246 320 280
11/29 1 73 163 119
11/30 1 61 188 134
11/31 1 256 357 325
11/32 1 276 399 369
11/33 1 283 347 313
11/34 1 254 351 299
11/35 1 165 274 238
11/36 1 115 208 164
11/37 1 165 270 209
11/38 1 323 382 356
11/39 1 441 525 493
11/40 1 1 85 49
11/41 1 157 247 205
11/42 1 30 127 57
11/43 1 50 101 99
11/44 1 363 443 403
11/45 1 43 115 87
11/46 1 43 118 98
11/47 1 250 337 285
11/48 1 220 320 290
11/49 1 183 236 235
11/50 1 233 350 308
11/51 1 38 174 120
11/52 1 138 208 182
11/53 1 31 102 66
11/54 1 365 424 397
11/55 1 125 280 262
11/56 1 121 213 177
11/57 1 176 248 203
11/58 0 116 168 -1
11/59 1 143 237 191
11/60 1 103 150 129
11/61 1 80 180 125
11/62 1 80 195 132
11/63 1 317 412 381
11/64 0 150 340 -1
11/65 1 254 310 275
11/66 1 260 380 346
11/67 1 397 540 517
11/68 1 133 230 200
11/69 1 140 203 202
11/70 1 420 530 470
11/71 1 210 285 248
11/72 1 200 280 250
11/73 1 30 140 112
11/74 1 238 300 264
11/75 1 153 229 197
11/76 1 437 520 457
11/77 1 145 265 217
11/78 1 40 128 96
11/79 1 24 80 54
11/80 1 161 257 193
11/81 1 78 150 120
11/82 1 50 147 83
11/83 1 110 226 154
11/84 1 162 260 228
11/85 1 170 286 236
11/86 1 166 248 208
11/87 1 90 168 116
11/88 1 60 193 125
11/89 1 63 183 147
11/90 1 225 315 267
11/91 1 20 86 40
11/92 1 170 310 250
11/93 1 140 232 204
11/94 1 175 230 205
11/95 1 55 130 85
11/96 1 48 147 121
11/97 1 40 120 70
11/99 1 202 280 238
11/100 1 180 300 232
11/101 1 1 95 51
11/102 1 85 200 145
11/103 1 35 150 83
11/104 1 147 285 211
11/105 1 78 168 135
11/106 1 150 250 249
11/107 1 92 164 126
11/108 0 155 222 -1
11/109 1 65 140 116
11/110 1 240 312 284
11/111 1 315 405 371
11/112 1 150 260 222
11/113 1 58 128 90
11/114 1 75 233 125
11/115 1 208 270 222
11/116 1 95 230 178
11/117 1 140 250 192
11/118 1 30 150 84
11/119 1 130 240 194
11/120 1 125 211 167
11/121 1 163 208 207
11/122 1 150 280 208
11/123 1 30 100 72
11/124 1 30 120 68
11/125 1 32 84 83
11/126 1 141 219 177
11/128 1 257 341 299
11/129 1 30 110 77
11/130 1 24 104 56
11/131 1 195 275 237
11/132 1 74 160 124
11/133 1 40 110 76
11/135 1 185 290 233
11/136 1 76 140 114
11/137 1 140 224 184
11/138 1 40 120 80
11/139 1 160 222 198
11/140 1 100 218 166
11/141 1 35 130 85
11/142 1 118 210 178
11/143 1 10 102 66
11/144 1 100 243 208
11/145 1 95 180 135
11/146 1 130 210 186
11/147 1 121 230 153
11/148 1 140 250 188
11/149 1 90 266 186
11/150 1 260 350 318
11/151 1 40 130 80
11/152 1 104 160 134
11/153 1 90 188 136
11/154 1 125 220 186
11/155 1 51 157 103
11/156 1 100 188 160
11/157 1 78 160 130
11/158 1 150 240 210
11/159 1 130 230 188
11/160 1 130 220 194
11/161 1 65 173 137
11/162 1 211 300 249
11/163 1 155 269 207
11/164 1 30 140 100
11/165 1 200 340 286
11/166 1 1 175 63
11/167 1 23 101 83
11/168 1 1 101 61
11/169 1 200 300 240
11/170 1 110 180 154
11/171 1 150 230 206
11/172 1 140 220 184
11/173 1 150 204 184
11/174 1 105 185 145
11/175 1 30 150 100
11/176 1 30 88 64
11/177 1 80 162 139
11/178 1 175 280 260
11/179 1 150 278 234
11/180 1 290 367 345
11/181 1 20 112 76
11/182 1 100 230 140
11/183 1 103 160 130
11/184 1 205 294 258
11/185 1 371 419 393
11/186 1 30 130 102
11/187 1 71 111 103
11/188 1 163 245 217
11/189 1 150 216 194
11/190 1 101 203 137
11/191 1 159 263 231
11/192 1 282 378 352
11/193 1 84 180 146
11/194 1 80 161 143
11/195 1 429 531 507
11/196 1 274 390 360
11/197 1 430 500 460
11/198 1 150 200 182
11/199 1 200 310 270
11/200 1 70 140 115
11/201 1 250 329 299
11/202 1 410 570 456
11/203 1 40 150 120
11/204 1 170 230 202
11/205 1 222 282 252
11/206 1 400 500 448
11/207 1 45 180 102
11/208 1 208 240 239
11/209 1 174 270 234
11/210 1 115 185 153
11/211 1 255 370 315
11/212 1 232 300 248
11/213 1 188 260 220
11/214 1 132 230 188
11/215 1 142 226 176
11/216 1 114 190 156
11/217 1 80 150 124
11/218 1 220 290 265
11/219 1 240 341 289
11/220 1 180 260 212
11/221 1 118 190 146
11/222 1 155 310 227
11/223 1 120 233 183
11/224 1 60 182 122
11/225 1 102 170 144
11/226 1 30 110 70
11/227 1 33 177 119
11/228 1 1 70 40
11/229 1 40 142 88
11/230 1 190 310 245
11/231 1 330 425 400
11/232 1 130 224 192
11/233 1 111 163 141
11/234 1 113 190 165
11/235 1 170 260 234
11/236 1 20 120 54
11/237 1 70 200 124
11/238 1 106 260 198
11/239 1 160 222 221
11/240 1 120 206 144
11/241 1 180 326 248
11/242 1 1 56 55
11/243 1 362 468 388
11/244 1 80 195 150
11/245 1 80 200 160
11/246 1 280 400 360
11/247 1 200 339 285
11/248 1 45 94 52
11/249 1 194 388 290
11/250 1 157 322 209
11/251 1 65 180 130
11/252 1 122 225 192
11/253 1 182 310 244
11/254 1 205 340 295
11/255 1 230 330 260
12/1 1 380 443 406
12/2 1 300 404 360
12/3 1 115 210 155
12/4 1 285 444 344
12/5 1 250 370 318
12/6 1 170 242 208
12/7 1 180 280 234
12/8 1 15 100 41
12/9 1 195 303 249
12/10 1 240 360 280
12/11 1 60 180 132
12/12 1 30 160 92
12/13 1 34 148 62
12/14 1 258 415 343
12/15 1 100 300 135
12/16 1 40 180 88
12/17 1 200 280 230
12/18 1 240 360 306
12/19 1 100 240 172
12/20 1 142 240 168
12/21 1 170 258 194
12/22 1 180 260 242
12/23 1 140 240 190
12/24 1 182 290 218
12/25 1 116 212 134
12/26 1 235 333 279
12/27 1 76 220 106
12/28 1 54 150 78
12/29 1 180 360 264
12/30 1 130 270 204
12/31 1 140 250 182
12/32 1 150 240 190
12/33 1 110 230 154
12/34 1 90 180 128
12/35 1 240 360 300
12/36 1 102 220 134
12/37 1 190 360 230
12/38 1 30 180 102
12/39 1 180 288 234
12/40 1 145 225 177
12/41 1 114 270 224
12/42 1 240 360 296
13/1 1 180 247 213
13/2 1 377 437 411
13/3 1 86 210 142
13/4 1 152 340 213
13/5 1 200 310 280
13/6 1 200 300 260
13/7 1 180 280 248
13/8 1 120 300 218
13/9 1 30 76 54
14/1 1 175 399 267
14/2 1 280 365 315
14/3 1 180 280 242
14/4 1 148 294 210
14/5 1 94 176 158
14/6 1 222 334 278
14/7 1 70 190 110
14/8 1 190 320 240
14/9 1 90 330 182
14/10 1 320 504 450
14/11 1 220 390 338
14/12 1 168 330 228
14/13 1 230 360 334
14/14 1 389 470 439
14/15 1 106 222 136
14/16 1 75 150 105
14/17 1 165 221 197
14/18 1 258 410 386
14/19 1 80 206 140
14/20 1 270 350 300
14/21 1 30 112 62
14/22 1 130 280 220
14/23 1 20 210 56
14/24 1 61 235 153
14/25 1 94 276 180
14/26 1 124 246 204
14/27 1 48 196 122
14/28 1 100 268 180
14/29 1 103 195 145
14/30 1 90 404 124
14/31 1 113 269 183
15/1 1 160 404 240
15/2 1 150 270 194
15/3 1 160 400 245
16/1 1 117 176 171
17/1 1 151 225 197
18/1 1 184 260 212
18/2 1 290 374 352
18/3 1 151 235 181
18/4 1 40 150 86
18/5 1 212 312 228
18/6 1 242 400 372
18/7 1 40 250 100
18/8 1 20 130 52
18/9 1 24 120 62
18/10 1 102 180 140
19/1 1 40 124 88
20/1 1 140 220 182
21/1 1 10 79 45
21/2 1 166 244 212
21/3 1 110 214 154
21/4 1 280 372 328
21/5 1 100 204 166
21/6 1 112 240 216
21/7 1 15 136 50
21/8 1 1 164 21
21/9 1 110 233 155
21/11 1 43 97 63
21/12 1 185 235 211
21/13 1 20 150 70
22/1 1 56 156 124
23/1 1 115 250 170
24/1 1 70 285 155
24/2 1 450 680 525
24/3 1 246 351 316
24/4 1 303 401 357
24/5 1 306 409 375
24/6 1 284 374 322
24/7 1 130 390 215
24/8 1 224 332 266
24/9 1 35 204 120
24/10 1 164 228 188
24/11 1 120 282 192
24/12 1 110 207 157
24/13 1 32 138 80
24/14 1 90 180 142
24/15 1 405 530 455
24/16 1 110 248 194
24/17 1 80 308 236
30/1 1 230 338 300
33/1 1 213 263 247
34/1 1 60 158 94
36/1 1 252 358 312
36/2 1 234 320 278
37/1 1 345 450 420
37/2 1 170 300 200
37/3 1 254 346 286
37/4 1 425 469 443
37/5 1 186 252 202
37/6 1 356 464 400
37/7 1 15 130 90
37/8 1 337 435 387
37/9 1 90 196 124
37/10 1 107 199 155
37/11 1 30 116 78
37/12 1 10 100 45
37/13 1 1 95 40
37/14 1 233 303 279
37/15 1 54 140 96
37/17 1 383 425 397
37/18 1 5 93 17
37/19 1 10 114 48
37/20 1 88 160 126
37/21 1 30 128 74
37/22 1 50 100 74
37/23 1 278 360 308
37/24 1 90 214 176
37/25 1 266 364 328
37/26 1 296 360 316
37/27 1 120 210 176
37/28 1 70 150 96
37/29 1 42 130 74
37/30 1 66 138 92
37/31 1 26 110 40
37/32 1 114 176 138
37/33 1 75 170 105
37/34 1 80 168 110
37/35 1 1 66 28
37/36 1 110 190 150
37/37 1 60 120 92
37/38 1 114 198 166
37/39 1 28 104 70
37/40 0 1 86 -1
37/41 1 30 94 50
37/42 1 15 115 50
37/43 1 90 140 108
37/44 1 56 132 100
37/45 1 286 410 342
37/46 1 62 150 116
37/47 1 120 210 154
37/48 1 50 118 94
37/49 1 20 93 56
37/50 1 21 115 65
37/51 1 14 68 32
37/52 1 180 280 230
37/53 1 140 210 172
37/54 1 35 120 80
37/55 1 175 300 195
37/56 1 70 160 114
37/57 1 170 240 200
37/58 1 180 300 255
37/59 1 1 85 33
37/60 1 200 270 250
37/61 1 165 220 199
37/62 1 44 102 74
37/63 1 80 150 115
37/64 1 176 230 200
37/65 1 40 144 96
37/66 1 1 90 54
37/67 1 38 146 72
37/68 1 100 162 120
37/69 1 100 190 160
37/70 1 168 240 216
37/71 1 120 170 150
37/72 1 98 160 130
37/73 1 80 186 130
37/74 1 160 270 212
37/75 1 163 265 203
37/76 1 1 150 44
37/77 1 158 265 218
37/78 1 100 160 126
37/79 1 120 184 154
37/80 1 130 190 156
37/81 1 108 160 130
37/82 1 10 90 38
37/83 1 1 115 35
37/84 1 60 150 110
37/85 1 140 230 190
37/86 1 250 312 272
38/1 1 96 230 170
38/2 1 60 160 118
38/3 1 56 136 90
38/4 1 1 104 38
38/5 1 410 550 456
38/6 1 15 95 51
38/7 1 80 230 136
38/8 1 150 240 190
38/9 1 30 100 60
38/10 1 10 150 32
38/11 1 55 120 80
38/12 1 220 360 264
38/13 1 420 520 460
38/14 1 70 150 92
38/15 1 24 104 54
38/16 1 47 157 103
38/17 1 100 190 125
38/18 1 400 504 456
38/19 1 82 180 126
38/20 1 1 84 36
38/21 1 1 95 35
38/22 1 103 207 141
38/23 1 15 145 50
38/24 1 210 320 260
38/26 1 142 246 202
38/27 1 38 130 68
38/28 1 50 160 110
38/29 1 393 485 433
38/30 1 180 266 236
38/31 1 270 386 338
38/32 1 1 142 86
38/33 1 150 226 178
38/34 1 200 310 282
38/35 1 50 126 82
38/36 1 1 105 59
38/37 1 120 218 164
38/38 1 40 132 94
38/39 1 80 160 140
38/40 1 126 176 146
38/41 1 90 190 140
38/42 1 170 302 212
38/43 1 60 160 108
38/44 1 80 170 125
38/45 1 1 80 20
38/46 1 65 115 80
38/47 1 10 93 55
38/48 1 55 130 85
38/49 1 110 186 144
38/50 1 95 155 115
38/51 1 52 122 90
38/52 1 175 300 220
38/53 1 60 146 120
38/54 1 90 190 132
38/56 1 60 146 100
38/57 1 60 138 100
38/58 1 128 223 182
38/59 1 120 200 155
38/60 1 16 70 36
38/61 1 30 104 66
38/62 1 94 204 160
38/63 1 104 160 130
38/64 1 100 190 145
38/65 1 32 128 80
38/66 1 33 151 87
38/67 1 10 96 44
38/68 1 93 165 100
38/69 1 63 165 97
39/1 1 35 193 105
39/2 1 345 465 403
39/3 1 65 181 85
39/4 1 88 236 132
39/5 1 250 385 305
39/6 1 104 216 160
39/7 1 228 328 288
39/8 1 30 136 64
39/9 1 420 485 465
39/10 1 235 395 290
39/12 1 15 120 55
39/13 1 1 135 47
39/14 1 122 302 232
39/15 1 92 322 148
39/16 1 48 200 80
39/17 1 227 349 293
39/18 1 400 490 455
39/19 1 116 230 160
39/20 1 80 218 164
39/21 1 200 280 234
39/22 1 72 162 102
39/23 1 120 220 165
39/24 1 50 210 110
39/25 1 30 122 78
39/26 1 256 360 340
39/27 1 25 145 102
39/28 1 250 402 320
39/29 1 245 405 279
39/30 1 15 180 120
39/31 1 210 326 246
40/1 1 64 166 106
40/2 1 142 200 182
40/3 1 128 300 170
40/4 1 150 256 232
40/5 1 50 188 104
40/6 1 30 96 60
40/7 1 270 360 326
40/8 1 226 354 288
40/9 1 176 290 264
40/10 1 194 444 286
40/11 1 254 324 282
40/12 1 130 240 194
40/13 0 240 280 -1
40/14 1 140 263 189
40/15 1 1 80 20
40/16 1 144 200 182
41/1 1 336 452 400
41/2 1 80 214 104
41/3 1 264 396 332
41/4 1 248 360 308
41/5 1 10 137 63
41/6 1 186 241 224
41/7 1 30 87 65
41/8 1 640 800 684
41/9 1 178 280 224
41/10 1 13 85 49
41/11 1 20 90 50
41/12 1 148 228 192
41/13 1 10 90 40
41/14 1 148 232 186
41/15 1 1 90 35
41/16 1 80 150 116
41/17 1 1 152 66
41/18 1 40 133 85
42/1 1 246 310 282
42/2 1 146 256 196
42/3 1 146 240 190
42/4 1 86 218 146
42/5 1 56 186 94
42/8 1 62 200 120
42/9 1 415 560 480
42/10 1 90 170 140
42/11 1 166 266 208
42/12 1 1 90 30
42/13 1 180 360 240
42/15 1 50 169 95
42/16 1 30 190 84
42/17 1 260 330 278
42/18 1 30 160 92
42/19 1 46 126 86
42/20 1 1 142 72
42/21 1 60 120 102
42/22 1 340 506 430
42/23 1 400 510 420
42/24 1 340 463 365
42/25 1 130 230 170
42/26 1 50 170 95
43/1 1 84 146 120
43/2 1 75 145 115
43/3 1 50 170 106
43/4 1 150 210 185
43/5 1 300 380 350
43/6 1 304 400 332
43/7 1 50 180 150
43/8 1 150 220 195
43/10 1 380 510 435
43/11 1 315 421 369
43/12 1 360 440 396
43/13 1 180 290 240
43/14 1 300 396 352
43/15 1 96 150 124
43/16 1 260 360 320
43/17 1 60 190 105
43/18 1 72 130 96
43/19 1 50 180 100
43/20 1 30 140 92
43/21 1 70 150 95
43/22 1 110 270 140
43/23 1 60 140 110
43/24 1 1 110 45
43/25 1 1 220 28
43/26 1 220 306 272
43/27 1 210 310 248
43/28 1 26 110 66
43/29 1 198 270 250
43/30 1 30 110 70
43/31 1 220 340 290
43/32 1 100 170 150
43/33 1 106 280 184
43/34 1 1 120 17
43/35 1 30 116 72
43/36 1 160 206 183
43/37 1 240 306 284
43/38 1 335 415 370
43/39 1 242 400 310
43/40 1 310 370 340
43/41 1 1 130 39
43/42 1 1 65 33
43/43 1 320 396 374
43/44 1 1 86 44
43/45 1 1 63 32
43/46 1 80 183 125
43/47 1 250 336 316
43/49 1 248 320 296
43/50 1 300 386 353
43/51 1 206 258 234
43/52 1 178 250 222
43/53 1 50 128 90
43/54 1 140 200 178
43/55 1 35 160 75
43/57 1 70 130 105
43/59 1 15 120 50
43/65 1 20 120 70
43/66 1 155 215 190
43/67 1 20 120 88
43/68 1 1 117 37
43/69 1 210 265 235
43/70 1 40 130 75
43/71 1 250 326 300
43/72 1 80 164 138
43/73 1 165 210 190
43/74 1 230 290 260
43/75 1 110 196 144
43/76 1 190 260 228
43/77 1 35 100 80
43/78 1 105 155 129
43/79 1 120 220 160
43/80 1 160 240 200
43/81 1 170 280 222
43/82 1 150 230 186
43/83 1 183 253 219
43/84 1 308 386 354
43/85 1 1 123 25
43/86 1 232 300 268
43/87 1 80 170 120
43/88 1 280 350 316
43/89 1 46 150 100
43/90 1 93 201 157
43/91 1 200 290 270
43/92 1 146 212 186
43/93 1 50 120 84
43/94 1 140 208 160
43/95 1 50 150 90
43/96 1 415 480 450
43/97 1 131 203 187
43/98 1 158 270 230
43/99 1 180 280 214
43/100 1 320 376 352
43/101 1 580 682 660
43/102 1 120 190 165
43/103 1 120 190 160
43/104 1 274 360 316
43/105 1 290 370 350
43/106 1 114 182 130
43/107 1 10 90 70
43/108 1 143 229 197
43/109 1 80 200 120
43/110 1 60 126 90
43/111 1 180 280 210
43/112 1 140 195 165
43/113 1 95 190 167
43/114 1 218 310 280
43/115 1 86 162 112
43/116 1 20 86 44
43/117 1 65 133 103
43/118 1 20 110 70
43/119 1 70 150 120
43/120 1 1 70 30
43/121 1 100 196 156
43/122 1 70 140 110
43/123 1 132 260 184
43/124 1 180 256 204
43/125 1 120 188 162
43/126 1 1 104 68
43/127 1 35 111 89
43/128 1 84 138 120
43/129 1 1 85 38
43/130 1 213 291 243
43/131 1 63 127 108
43/132 1 40 140 76
43/133 1 70 114 84
43/134 1 108 200 162
43/135 1 28 114 70
43/136 1 84 192 150
43/137 1 101 197 158
43/138 1 46 130 88
43/139 1 240 380 334
43/140 1 40 246 138
43/141 1 10 154 42
43/142 1 150 250 214
43/143 1 18 83 45
43/144 1 125 210 165
43/145 1 140 186 186
43/146 1 120 190 150
43/147 1 50 108 92
43/148 1 1 72 52
43/149 1 130 210 180
43/150 1 39 151 93
43/151 1 130 262 194
43/152 1 86 202 142
43/153 1 65 141 127
43/154 1 1 63 29
43/155 1 120 180 160
43/156 1 180 286 234
43/158 1 25 110 50
43/159 1 90 180 144
43/160 1 186 290 234
43/161 1 150 220 192
43/162 1 70 180 160
43/163 1 65 113 95
43/164 1 80 180 148
43/165 1 30 110 62
43/166 1 52 147 85
43/167 1 256 310 288
43/168 1 176 258 200
43/169 1 140 250 200
43/170 1 40 106 86
43/171 1 60 166 130
43/172 1 84 162 128
43/173 1 166 218 190
43/174 1 255 335 290
43/175 1 195 305 245
43/176 1 120 228 184
43/177 1 150 360 256
43/178 1 80 156 128
43/179 1 33 105 71
43/180 1 140 224 184
43/181 1 1 109 27
43/182 1 936 1026 972
43/183 1 135 217 159
43/184 1 125 195 160
43/185 1 340 450 400
43/186 1 184 282 214
43/187 1 15 97 63
43/188 1 1 57 27
43/189 1 25 105 70
43/190 1 95 195 145
43/191 1 95 156 120
43/192 1 45 130 100
43/193 1 110 196 132
43/194 1 15 107 45
43/195 1 20 170 86
43/196 1 60 150 106
43/197 1 70 190 152
43/198 1 265 355 323
43/199 1 1 85 47
43/200 1 98 244 142
43/201 1 292 412 344
43/202 1 66 176 124
43/203 1 42 138 96
43/204 1 320 460 446
43/205 1 38 90 76
43/206 1 40 110 68
43/207 1 180 342 274
43/208 1 177 333 233
43/209 1 220 286 248
43/210 1 30 180 72
43/211 1 205 320 280
43/212 1 80 150 108
43/213 1 60 200 148
43/214 1 140 232 212
43/215 1 72 150 108
43/216 1 88 158 128
43/217 1 410 508 472
43/218 1 138 212 186
43/219 1 30 130 67
44/1 1 132 348 224
44/2 1 160 358 212
44/3 1 85 215 160
45/1 1 100 190 140
45/2 1 24 150 66
45/3 1 88 226 146
45/4 1 10 74 46
45/5 1 140 220 180
45/6 1 220 334 286
45/7 1 24 194 114
45/8 1 136 242 188
45/9 1 140 210 186
47/1 1 92 198 146
48/1 1 80 210 170
48/2 1 40 150 100
48/3 1 10 102 70
48/4 1 240 312 274
48/5 1 60 138 88
48/6 1 180 290 272
48/7 1 115 205 155
48/8 1 280 400 336
48/9 1 292 410 344
48/10 1 110 228 170
48/11 1 80 210 160
48/12 1 400 538 442
48/13 1 20 118 62
48/14 1 10 140 38
48/15 1 15 150 82
48/16 1 24 164 68
48/17 1 54 142 100
48/18 1 230 320 274
48/19 1 50 200 150
48/20 1 275 370 318
48/21 1 270 356 300
48/22 1 175 338 262
48/23 1 70 190 138
48/24 1 105 211 161
48/26 1 100 208 154
48/27 1 170 290 260
48/28 1 96 208 156
48/29 1 170 290 240
48/30 1 40 160 94
48/31 1 48 152 102
48/32 1 120 194 160
48/33 1 165 227 189
48/34 1 30 100 70
48/35 1 60 205 170
48/36 1 38 144 100
48/37 1 220 340 284
48/38 1 89 169 129
48/39 1 340 410 365
48/40 1 176 270 236
48/41 1 128 262 236
48/42 1 150 240 198
48/43 1 55 200 150
48/44 1 130 280 178
48/45 1 122 248 220
48/46 1 90 170 140
48/47 1 1 80 36
48/48 1 168 246 184
48/49 1 136 210 166
48/50 1 320 388 354
48/51 1 300 420 346
48/52 1 100 190 140
48/53 1 170 270 228
48/54 1 130 256 178
48/55 1 240 350 270
48/56 1 878 1028 960
48/57 1 284 350 316
48/58 1 1 97 41
48/59 1 150 210 180
48/60 1 160 235 203
48/61 1 150 310 210
48/62 1 20 100 58
48/63 1 70 176 114
48/64 1 30 103 73
48/65 1 110 190 150
48/66 1 20 100 78
48/67 1 226 364 264
48/68 1 90 165 113
48/69 1 70 271 117
48/70 1 216 305 245
48/71 1 280 370 336
48/72 1 130 220 168
48/73 1 1 87 54
48/74 1 116 250 152
48/75 1 166 262 202
48/76 1 50 178 104
48/77 1 225 280 245
48/78 1 1 150 27
48/79 1 188 324 286
48/80 1 175 300 225
48/81 1 1 162 45
48/82 1 180 266 204
48/83 1 30 160 60
49/1 1 230 320 280
49/2 1 70 180 135
49/3 1 75 175 115
49/4 1 146 210 166
49/5 1 180 270 240
49/6 1 101 227 183
49/8 1 90 190 165
49/9 1 220 310 260
49/10 1 92 230 166
49/11 1 23 103 63
49/12 1 15 99 39
49/13 1 185 301 253
49/14 1 224 352 268
49/15 1 228 342 280
49/17 1 170 258 216
49/18 1 120 230 162
49/19 1 105 215 140
49/20 0 170 280 -1
49/21 1 220 340 280
49/22 1 182 300 268
49/23 1 180 270 232
49/24 1 207 295 255
49/25 1 50 170 120
49/26 1 130 206 172
49/27 1 154 248 200
49/28 1 130 248 220
49/29 1 148 239 195
49/30 1 116 192 168
49/31 1 150 280 230
49/32 1 104 224 168
49/33 1 144 260 226
49/34 1 110 220 174
49/35 1 15 130 40
49/36 1 120 224 162
49/38 1 62 146 112
49/40 1 65 175 125
49/41 1 60 135 95
49/45 1 280 405 345
49/46 1 95 220 135
49/48 1 288 440 414
50/1 1 30 115 75
50/2 1 15 95 49
50/3 1 190 288 238
50/4 1 40 120 80
50/5 1 110 200 150
50/6 1 220 325 265
50/7 1 15 63 33
50/8 1 330 480 430
50/9 1 75 145 125
50/10 1 200 308 272
50/11 1 70 134 96
50/12 1 25 103 63
50/13 1 290 390 360
50/14 1 70 140 110
50/15 1 76 160 130
50/16 1 94 180 152
50/17 1 80 160 128
50/18 1 55 120 80
50/19 1 55 161 93
50/20 1 206 314 282
50/21 1 15 94 52
50/22 1 130 220 162
50/23 1 35 120 80
50/24 1 70 172 136
50/25 1 270 392 344
50/26 1 30 116 74
50/27 1 15 95 55
50/28 1 28 150 94
50/29 1 30 128 86
50/30 1 1 98 48
50/31 1 130 214 184
50/32 1 30 110 68
50/34 1 10 86 54
50/35 1 10 53 27
50/36 1 1 105 35
50/37 1 16 98 42
50/38 1 130 220 188
50/39 1 20 106 50
50/41 1 10 102 56
50/42 1 1 94 42
50/46 1 40 160 108
50/47 1 43 127 88
50/48 1 364 508 466
50/49 1 136 246 194
50/50 1 110 205 165
50/53 1 130 190 150
50/54 1 150 230 190
50/55 1 1 99 56
50/56 1 62 190 140
50/57 1 160 250 212
50/58 1 150 240 202
50/59 1 44 134 90
50/61 1 320 410 368
50/62 1 130 266 224
50/63 1 255 366 288
50/64 1 160 266 220
50/65 1 50 165 115
50/66 1 20 98 50
50/67 1 220 316 286
50/68 1 120 222 188
50/69 1 398 486 444
50/70 1 118 214 178
50/71 1 160 252 200
50/72 1 65 163 115
50/74 1 50 140 102
50/75 1 26 118 76
50/76 1 140 210 178
50/78 1 20 110 66
50/79 1 64 142 106
50/80 1 122 210 168
50/81 1 35 85 60
50/82 1 100 185 145
50/83 1 75 187 133
50/84 1 11 67 33
50/85 1 1 90 20
50/86 1 140 230 180
50/87 1 40 160 66
50/88 1 215 345 295
50/89 1 30 90 56
50/90 1 15 110 55
50/91 1 92 210 184
50/92 1 42 78 74
50/93 1 18 94 56
50/94 1 558 633 591
50/95 1 32 125 93
50/96 1 185 230 202
50/97 1 16 102 64
50/98 1 28 144 74
50/99 1 76 218 156
50/100 1 78 172 128
50/101 1 80 180 152
50/102 1 35 117 70
50/103 1 91 175 137
50/104 1 34 126 88
50/105 1 20 108 70
50/106 1 60 138 94
50/108 1 122 240 178
50/109 1 152 226 180
50/110 1 1 58 26
50/111 1 1 113 43
50/112 1 136 232 200
50/113 1 114 208 152
50/114 1 26 118 60
50/115 1 114 200 152
50/116 1 60 194 116
50/117 1 114 242 204
50/118 1 112 206 164
50/119 1 35 119 63
50/120 1 96 168 124
50/121 1 33 153 95
50/122 1 114 216 172
50/123 1 149 211 176
50/124 1 111 239 186
50/125 1 32 104 68
50/126 1 18 107 55
50/127 1 26 132 74
50/128 1 187 269 225
50/129 1 45 128 100
50/130 1 15 74 40
50/131 1 1 79 45
50/132 1 137 255 213
50/133 1 20 104 76
50/134 1 28 102 58
50/135 1 33 121 85
50/136 1 236 326 302
50/137 1 207 323 267
50/138 1 136 226 184
50/139 1 245 315 288
50/140 1 33 129 81
50/141 1 194 276 238
50/142 1 104 190 152
50/143 1 58 178 126
50/144 1 302 412 390
50/145 1 20 96 60
50/146 1 174 290 256
50/147 1 1 88 32
50/148 1 216 318 260
50/149 1 98 194 152
50/150 1 113 179 151
50/151 1 196 314 286
50/152 1 248 338 298
50/153 1 42 128 94
50/154 1 222 308 274
50/155 1 22 108 76
50/156 1 28 104 62
50/157 1 98 192 150
50/158 1 22 106 66
50/159 1 27 105 73
50/160 1 58 134 90
50/161 1 77 163 125
50/162 1 80 154 122
50/163 1 80 176 118
50/164 1 124 226 190
50/165 1 147 245 177
50/166 1 223 289 267
50/167 1 10 74 42
50/168 1 204 316 270
50/169 1 156 264 212
50/170 1 22 86 48
50/171 1 32 90 54
50/172 1 188 256 224
50/173 1 160 246 200
50/174 1 40 110 60
50/175 1 217 335 299
50/176 1 38 122 84
50/177 1 30 112 68
50/178 1 84 176 128
50/179 1 15 95 50
50/180 1 40 94 62
50/181 1 15 84 26
50/182 1 55 177 143
50/183 1 158 264 222
50/184 1 124 190 159
50/185 1 15 86 40
50/186 1 1 90 35
50/187 1 77 198 144
50/188 1 190 286 228
50/189 1 250 328 290
50/190 1 109 195 147
50/191 1 189 273 225
50/192 1 254 308 280
50/193 1 218 302 252
50/194 1 136 238 212
50/195 1 386 518 470
50/196 1 40 112 78
50/197 1 30 175 137
50/198 1 15 85 47
50/199 1 16 58 32
50/200 1 17 83 45
50/201 1 173 241 215
50/202 1 328 484 422
50/203 1 90 154 126
50/204 1 18 129 81
50/205 1 166 240 210
50/206 1 109 225 139
50/207 1 169 221 197
50/208 1 134 250 212
50/210 1 73 158 126
50/211 1 137 225 181
50/212 1 245 367 313
50/213 1 1 71 35
51/1 1 162 258 214
51/2 1 247 303 285
51/3 1 112 184 155
51/4 1 103 191 155
51/5 1 1 64 18
51/6 1 34 136 82
51/7 1 326 460 378
51/8 1 236 424 278
51/9 1 50 134 88
51/10 1 18 76 42
51/11 1 15 89 43
51/12 1 1 55 19
51/13 1 78 158 114
51/14 1 95 189 141
51/15 1 25 135 65
51/16 1 103 221 149
51/17 1 53 165 121
51/18 1 113 163 141
52/1 1 91 189 153
52/3 1 218 316 258
52/4 1 192 268 230
52/5 1 45 183 139
52/6 1 80 138 102
52/7 1 128 222 190
52/8 1 17 91 49
52/9 1 1 95 49
52/10 1 115 191 147
52/11 1 69 145 99
52/12 1 73 195 157
53/1 1 114 210 146
53/2 1 20 128 90
53/3 1 10 108 52
53/4 1 27 123 73
53/5 1 17 61 37
53/8 1 46 124 78
53/9 1 1 99 42
53/10 1 15 101 49
53/11 1 105 195 165
53/12 1 152 258 224
53/13 1 167 225 199
54/1 1 20 136 64
54/2 0 266 380 -1
54/3 1 32 208 114
55/1 1 132 260 220
55/2 1 1 143 107
55/3 1 1 89 47
56/1 1 71 145 100
56/2 1 15 81 37
56/3 1 50 140 106
56/4 1 47 135 97
56/5 1 188 270 238
56/6 1 44 256 132
56/7 1 71 147 99
56/8 1 170 280 240
56/10 1 15 123 69
56/11 1 15 90 55
56/12 1 158 234 196
56/13 1 135 249 217
56/14 1 1 99 35
56/15 1 368 534 476
56/18 1 35 141 87
56/19 1 119 243 191
56/20 1 72 158 116
56/21 1 55 149 97
56/22 1 101 213 171
56/23 1 96 228 142
56/24 1 42 110 78
56/25 1 1 59 17
56/26 1 85 145 110
56/27 1 1 78 34
56/28 1 79 150 125
56/29 1 56 166 130
56/30 1 74 176 114
56/31 1 42 130 54
56/32 1 266 332 308
56/33 1 1 117 65
56/34 1 1 85 30
56/35 1 242 370 336
56/37 1 225 345 307
56/38 1 91 183 145
56/39 1 1 75 13
56/40 1 15 105 53
56/41 1 1 57 19
57/1 1 174 296 248
57/2 1 1 123 71
57/4 1 201 283 237
57/5 1 239 313 285
57/6 1 21 150 88
57/7 1 213 305 263
57/8 1 33 145 81
57/9 1 138 226 182
57/10 1 15 130 80
57/11 1 47 125 91
57/12 1 133 225 181
57/14 1 91 203 157
57/15 1 18 116 80
57/16 1 37 125 85
57/17 1 219 327 271
57/18 1 77 137 89
57/19 1 23 111 57
57/20 1 54 136 92
57/21 1 36 130 68
57/22 1 30 166 122
57/23 1 182 284 234
57/24 1 113 267 215
57/25 1 1 86 20
57/26 1 1 75 30
57/27 1 16 88 44
57/28 1 70 192 126
57/29 1 36 198 144
57/30 1 13 105 61
57/31 1 127 203 165
57/32 1 111 217 173
57/33 1 85 195 155
57/34 1 147 228 170
57/35 1 317 423 365
57/36 1 115 203 149
57/37 1 91 189 145
57/38 1 54 170 132
57/39 1 177 321 271
57/40 1 224 322 260
57/41 1 38 121 79
57/42 1 41 167 81
57/43 1 73 163 127
57/44 1 22 90 52
57/45 1 108 228 168
57/46 1 168 242 196
57/47 1 258 366 318
58/1 1 98 166 124
58/2 1 21 105 73
58/3 1 86 160 132
58/4 1 35 123 97
59/1 1 68 164 108
59/2 1 82 180 138
59/3 1 32 96 72
59/4 1 422 526 470
59/5 1 110 200 168
59/6 1 1 80 38
59/7 1 27 97 45
59/8 1 84 172 136
59/9 1 387 503 473
59/10 1 438 496 470
59/11 1 173 259 225
59/12 1 65 117 93
59/13 1 165 227 199
59/14 1 65 116 97
59/15 1 118 182 158
59/16 1 102 200 174
59/17 1 92 194 146
60/1 1 25 97 55
60/2 1 30 104 68
60/3 1 304 406 378
61/1 1 60 315 150
61/2 1 168 360 270
61/3 1 204 336 288
61/4 1 185 287 211
61/5 1 182 280 230
61/6 1 186 344 250
61/7 1 185 250 222
61/8 1 223 374 338
61/9 1 67 335 111
61/10 1 105 253 197
61/11 1 50 179 93
61/14 1 224 342 260
61/15 1 25 161 103
61/16 1 183 355 243
61/17 1 283 460 369
61/18 1 180 320 205
61/19 1 94 290 138
61/20 1 35 217 123
